<?xml version="1.0" encoding="utf-8"?>
<scene_description align="t" cut="201503040913-441466" version="2014.04" unit="1">
	<models>
		<import transformation="1.0 0.0 0.0 0.0 6.12323399574e-17 1.0 0.0 -1.0 6.12323399574e-17 0.0 0.0 0.0" original_transform="1.0 0.0 0.0 0.0 1.0 0.0 0.0 0.0 1.0 0.0 0.0 0.0" name="Frame.iam">
			<child node="Frame.iam:Frame">
			</child>
		</import>
		<group label="Frame.iam" name="Frame.iam:Frame" has_original_label="1">
			<child node="Frame.iam:Frame0001:1">
			</child>
			<child node="Frame.iam:21.1846 LEVELING FOOT M10 WITH BORES:1">
			</child>
			<child node="Frame.iam:21.1846 LEVELING FOOT M10 WITH BORES:2">
			</child>
			<child node="Frame.iam:21.1846 LEVELING FOOT M10 WITH BORES:4">
			</child>
			<child node="Frame.iam:21.1846 LEVELING FOOT M10 WITH BORES:5">
			</child>
		</group>
		<group name="Frame.iam:Frame0001:1">
			<child node="Frame.iam:8020 Metric  00000045:1">
			</child>
			<child node="Frame.iam:8020 Metric  00000046:1">
			</child>
			<child node="Frame.iam:8020 Metric  00000047:1">
			</child>
			<child node="Frame.iam:8020 Metric  00000048:1">
			</child>
			<child node="Frame.iam:8020 Metric  00000049:1">
			</child>
			<child node="Frame.iam:8020 Metric  00000050:1">
			</child>
			<child node="Frame.iam:8020 Metric  00000051:1">
			</child>
			<child node="Frame.iam:8020 Metric  00000052:1">
			</child>
			<child node="Frame.iam:8020 Metric  00000053:1">
			</child>
			<child node="Frame.iam:8020 Metric  00000054:1">
			</child>
			<child node="Frame.iam:8020 Metric  00000055:1">
			</child>
			<child node="Frame.iam:8020 Metric  00000057:1">
			</child>
			<child node="Frame.iam:8020 Metric  00000058:1">
			</child>
			<child node="Frame.iam:8020 Metric  00000059:1">
			</child>
			<child node="Frame.iam:8020 Metric  00000060:1">
			</child>
			<child node="Frame.iam:8020 Metric  00000061:1">
			</child>
			<child node="Frame.iam:8020 Metric  00000062:1">
			</child>
			<child node="Frame.iam:8020 Metric  00000063:1">
			</child>
			<child node="Frame.iam:8020 Metric  00000064:1">
			</child>
			<child node="Frame.iam:8020 Metric  00000065:1">
			</child>
		</group>
		<group transformation="-1.0 0.0 3.78956125739e-16 3.78956125739e-16 0.0 1.0 0.0 1.0 0.0 -5.67284916555 22.5070491646 98.0933234741" name="Frame.iam:8020 Metric  00000045:1">
			<child node="Frame.iam:8020 Metric  00000045:1_BODY">
			</child>
		</group>
		<lod_group priority="3" levels="3" src_id="0" name="Frame.iam:8020 Metric  00000045:1_BODY" transformation="-1.0 3.78956125739e-16 0.0 0.0 0.0 1.0 3.78956125739e-16 1.0 0.0 -5.67284916555 -98.0933234741 -22.5070491646" original_world_transform="1.0 0.0 0.0 0.0 1.0 0.0 0.0 0.0 1.0 0.0 0.0 0.0">
		</lod_group>
		<group transformation="-1.0 0.0 0.0 0.0 0.0 -1.0 0.0 -1.0 0.0 98.3272958767 97.5070491646 98.0929156502" name="Frame.iam:8020 Metric  00000046:1">
			<child node="Frame.iam:8020 Metric  00000046:1_BODY">
			</child>
		</group>
		<lod_group priority="3" levels="3" src_id="1" name="Frame.iam:8020 Metric  00000046:1_BODY" transformation="-1.0 -0.0 -0.0 -0.0 -0.0 -1.0 -0.0 -1.0 -0.0 98.3272958767 98.0929156502 97.5070491646" original_world_transform="1.0 0.0 0.0 0.0 1.0 0.0 0.0 0.0 1.0 0.0 0.0 0.0">
		</lod_group>
		<group transformation="-1.0 0.0 0.0 0.0 0.0 -1.0 0.0 -1.0 0.0 98.3272958767 97.5070491646 68.0929156502" name="Frame.iam:8020 Metric  00000047:1">
			<child node="Frame.iam:8020 Metric  00000047:1_BODY">
			</child>
		</group>
		<lod_group priority="3" levels="3" src_id="2" name="Frame.iam:8020 Metric  00000047:1_BODY" transformation="-1.0 -0.0 -0.0 -0.0 -0.0 -1.0 -0.0 -1.0 -0.0 98.3272958767 68.0929156502 97.5070491646" original_world_transform="1.0 0.0 0.0 0.0 1.0 0.0 0.0 0.0 1.0 0.0 0.0 0.0">
		</lod_group>
		<group transformation="-1.0 0.0 0.0 0.0 0.0 -1.0 0.0 -1.0 0.0 98.3272958767 97.5070491646 8.09291565019" name="Frame.iam:8020 Metric  00000048:1">
			<child node="Frame.iam:8020 Metric  00000048:1_BODY">
			</child>
		</group>
		<lod_group priority="3" levels="3" src_id="3" name="Frame.iam:8020 Metric  00000048:1_BODY" transformation="-1.0 -0.0 -0.0 -0.0 -0.0 -1.0 -0.0 -1.0 -0.0 98.3272958767 8.09291565019 97.5070491646" original_world_transform="1.0 0.0 0.0 0.0 1.0 0.0 0.0 0.0 1.0 0.0 0.0 0.0">
		</lod_group>
		<group transformation="-1.0 0.0 0.0 0.0 0.0 -1.0 0.0 -1.0 0.0 -5.67284916555 97.5070491646 8.09291565019" name="Frame.iam:8020 Metric  00000049:1">
			<child node="Frame.iam:8020 Metric  00000049:1_BODY">
			</child>
		</group>
		<lod_group priority="3" levels="3" src_id="4" name="Frame.iam:8020 Metric  00000049:1_BODY" transformation="-1.0 -0.0 -0.0 -0.0 -0.0 -1.0 -0.0 -1.0 -0.0 -5.67284916555 8.09291565019 97.5070491646" original_world_transform="1.0 0.0 0.0 0.0 1.0 0.0 0.0 0.0 1.0 0.0 0.0 0.0">
		</lod_group>
		<group transformation="-1.0 0.0 0.0 0.0 0.0 -1.0 0.0 -1.0 0.0 -5.67284916555 97.5070491646 68.0929156502" name="Frame.iam:8020 Metric  00000050:1">
			<child node="Frame.iam:8020 Metric  00000050:1_BODY">
			</child>
		</group>
		<lod_group priority="3" levels="3" src_id="5" name="Frame.iam:8020 Metric  00000050:1_BODY" transformation="-1.0 -0.0 -0.0 -0.0 -0.0 -1.0 -0.0 -1.0 -0.0 -5.67284916555 68.0929156502 97.5070491646" original_world_transform="1.0 0.0 0.0 0.0 1.0 0.0 0.0 0.0 1.0 0.0 0.0 0.0">
		</lod_group>
		<group transformation="0.0 0.0 -1.0 0.0 1.0 0.0 1.0 0.0 0.0 -3.67270412335 95.5070491646 98.0929156502" name="Frame.iam:8020 Metric  00000051:1">
			<child node="Frame.iam:8020 Metric  00000051:1_BODY">
			</child>
		</group>
		<lod_group priority="3" levels="3" src_id="6" name="Frame.iam:8020 Metric  00000051:1_BODY" transformation="0.0 0.0 1.0 0.0 1.0 0.0 -1.0 0.0 0.0 98.0929156502 -95.5070491646 3.67270412335" original_world_transform="1.0 0.0 0.0 0.0 1.0 0.0 0.0 0.0 1.0 0.0 0.0 0.0">
		</lod_group>
		<group transformation="0.0 0.0 -1.0 0.0 1.0 0.0 1.0 0.0 0.0 -3.67270412335 95.5070491646 68.0929156502" name="Frame.iam:8020 Metric  00000052:1">
			<child node="Frame.iam:8020 Metric  00000052:1_BODY">
			</child>
		</group>
		<lod_group priority="3" levels="3" src_id="7" name="Frame.iam:8020 Metric  00000052:1_BODY" transformation="0.0 0.0 1.0 0.0 1.0 0.0 -1.0 0.0 0.0 68.0929156502 -95.5070491646 3.67270412335" original_world_transform="1.0 0.0 0.0 0.0 1.0 0.0 0.0 0.0 1.0 0.0 0.0 0.0">
		</lod_group>
		<group transformation="0.0 0.0 -1.0 0.0 1.0 0.0 1.0 0.0 0.0 -3.67270412335 95.5070491646 8.09291565019" name="Frame.iam:8020 Metric  00000053:1">
			<child node="Frame.iam:8020 Metric  00000053:1_BODY">
			</child>
		</group>
		<lod_group priority="3" levels="3" src_id="8" name="Frame.iam:8020 Metric  00000053:1_BODY" transformation="0.0 0.0 1.0 0.0 1.0 0.0 -1.0 0.0 0.0 8.09291565019 -95.5070491646 3.67270412335" original_world_transform="1.0 0.0 0.0 0.0 1.0 0.0 0.0 0.0 1.0 0.0 0.0 0.0">
		</lod_group>
		<group transformation="0.0 0.0 1.0 0.0 1.0 0.0 -1.0 0.0 0.0 96.3272958767 24.5074569885 68.0930606924" name="Frame.iam:8020 Metric  00000054:1">
			<child node="Frame.iam:8020 Metric  00000054:1_BODY">
			</child>
		</group>
		<lod_group priority="3" levels="3" src_id="9" name="Frame.iam:8020 Metric  00000054:1_BODY" transformation="0.0 0.0 -1.0 0.0 1.0 0.0 1.0 0.0 0.0 -68.0930606924 -24.5074569885 96.3272958767" original_world_transform="1.0 0.0 0.0 0.0 1.0 0.0 0.0 0.0 1.0 0.0 0.0 0.0">
		</lod_group>
		<group transformation="0.0 0.0 1.0 0.0 1.0 0.0 -1.0 0.0 0.0 96.3272958767 24.5074569885 8.09306069239" name="Frame.iam:8020 Metric  00000055:1">
			<child node="Frame.iam:8020 Metric  00000055:1_BODY">
			</child>
		</group>
		<lod_group priority="3" levels="3" src_id="10" name="Frame.iam:8020 Metric  00000055:1_BODY" transformation="0.0 0.0 -1.0 0.0 1.0 0.0 1.0 0.0 0.0 -8.09306069239 -24.5074569885 96.3272958767" original_world_transform="1.0 0.0 0.0 0.0 1.0 0.0 0.0 0.0 1.0 0.0 0.0 0.0">
		</lod_group>
		<group transformation="0.0 0.0 -1.0 0.0 1.0 0.0 1.0 0.0 0.0 -3.67270412335 24.5074569885 98.0929156502" name="Frame.iam:8020 Metric  00000057:1">
			<child node="Frame.iam:8020 Metric  00000057:1_BODY">
			</child>
		</group>
		<lod_group priority="3" levels="3" src_id="11" name="Frame.iam:8020 Metric  00000057:1_BODY" transformation="0.0 0.0 1.0 0.0 1.0 0.0 -1.0 0.0 0.0 98.0929156502 -24.5074569885 3.67270412335" original_world_transform="1.0 0.0 0.0 0.0 1.0 0.0 0.0 0.0 1.0 0.0 0.0 0.0">
		</lod_group>
		<group transformation="-1.0 0.0 3.78956125739e-16 0.0 1.0 0.0 -3.78956125739e-16 0.0 -1.0 -5.67284916555 95.5070491646 96.0929156502" name="Frame.iam:8020 Metric  00000058:1">
			<child node="Frame.iam:8020 Metric  00000058:1_BODY">
			</child>
		</group>
		<lod_group priority="3" levels="3" src_id="12" name="Frame.iam:8020 Metric  00000058:1_BODY" transformation="-1.0 0.0 -3.78956125739e-16 0.0 1.0 0.0 3.78956125739e-16 0.0 -1.0 -5.67284916555 -95.5070491646 96.0929156502" original_world_transform="1.0 0.0 0.0 0.0 1.0 0.0 0.0 0.0 1.0 0.0 0.0 0.0">
		</lod_group>
		<group transformation="-1.0 0.0 3.78956125739e-16 0.0 1.0 0.0 -3.78956125739e-16 0.0 -1.0 -5.67284916555 24.5074569885 96.0929156502" name="Frame.iam:8020 Metric  00000059:1">
			<child node="Frame.iam:8020 Metric  00000059:1_BODY">
			</child>
		</group>
		<lod_group priority="3" levels="3" src_id="13" name="Frame.iam:8020 Metric  00000059:1_BODY" transformation="-1.0 0.0 -3.78956125739e-16 0.0 1.0 0.0 3.78956125739e-16 0.0 -1.0 -5.67284916555 -24.5074569885 96.0929156502" original_world_transform="1.0 0.0 0.0 0.0 1.0 0.0 0.0 0.0 1.0 0.0 0.0 0.0">
		</lod_group>
		<group transformation="1.0 0.0 -1.89478062869e-16 0.0 1.0 0.0 1.89478062869e-16 0.0 1.0 98.3274409189 95.5070491646 -53.9070843498" name="Frame.iam:8020 Metric  00000060:1">
			<child node="Frame.iam:8020 Metric  00000060:1_BODY">
			</child>
		</group>
		<lod_group priority="3" levels="3" src_id="14" name="Frame.iam:8020 Metric  00000060:1_BODY" transformation="1.0 0.0 1.89478062869e-16 0.0 1.0 0.0 -1.89478062869e-16 0.0 1.0 -98.3274409189 -95.5070491646 53.9070843498" original_world_transform="1.0 0.0 0.0 0.0 1.0 0.0 0.0 0.0 1.0 0.0 0.0 0.0">
		</lod_group>
		<group transformation="1.0 0.0 -1.89478062869e-16 0.0 1.0 0.0 1.89478062869e-16 0.0 1.0 98.3274409189 24.5074569885 -53.9070843498" name="Frame.iam:8020 Metric  00000061:1">
			<child node="Frame.iam:8020 Metric  00000061:1_BODY">
			</child>
		</group>
		<lod_group priority="3" levels="3" src_id="15" name="Frame.iam:8020 Metric  00000061:1_BODY" transformation="1.0 0.0 1.89478062869e-16 0.0 1.0 0.0 -1.89478062869e-16 0.0 1.0 -98.3274409189 -24.5074569885 53.9070843498" original_world_transform="1.0 0.0 0.0 0.0 1.0 0.0 0.0 0.0 1.0 0.0 0.0 0.0">
		</lod_group>
		<group transformation="-1.0 0.0 0.0 0.0 0.0 1.0 0.0 1.0 0.0 -5.67284916555 22.5070491646 -51.9066765259" name="Frame.iam:8020 Metric  00000062:1">
			<child node="Frame.iam:8020 Metric  00000062:1_BODY">
			</child>
		</group>
		<lod_group priority="3" levels="3" src_id="16" name="Frame.iam:8020 Metric  00000062:1_BODY" transformation="-1.0 0.0 0.0 0.0 0.0 1.0 0.0 1.0 0.0 -5.67284916555 51.9066765259 -22.5070491646" original_world_transform="1.0 0.0 0.0 0.0 1.0 0.0 0.0 0.0 1.0 0.0 0.0 0.0">
		</lod_group>
		<group transformation="0.0 0.0 -1.0 0.0 1.0 0.0 1.0 0.0 0.0 -3.67270412335 95.5070491646 -51.9070843498" name="Frame.iam:8020 Metric  00000063:1">
			<child node="Frame.iam:8020 Metric  00000063:1_BODY">
			</child>
		</group>
		<lod_group priority="3" levels="3" src_id="17" name="Frame.iam:8020 Metric  00000063:1_BODY" transformation="0.0 0.0 1.0 0.0 1.0 0.0 -1.0 0.0 0.0 -51.9070843498 -95.5070491646 3.67270412335" original_world_transform="1.0 0.0 0.0 0.0 1.0 0.0 0.0 0.0 1.0 0.0 0.0 0.0">
		</lod_group>
		<group transformation="-1.0 0.0 0.0 0.0 0.0 1.0 0.0 1.0 0.0 98.3272958767 22.5070491646 -51.9066765259" name="Frame.iam:8020 Metric  00000064:1">
			<child node="Frame.iam:8020 Metric  00000064:1_BODY">
			</child>
		</group>
		<lod_group priority="3" levels="3" src_id="18" name="Frame.iam:8020 Metric  00000064:1_BODY" transformation="-1.0 0.0 0.0 0.0 0.0 1.0 0.0 1.0 0.0 98.3272958767 51.9066765259 -22.5070491646" original_world_transform="1.0 0.0 0.0 0.0 1.0 0.0 0.0 0.0 1.0 0.0 0.0 0.0">
		</lod_group>
		<group transformation="0.0 0.0 -1.0 0.0 1.0 0.0 1.0 0.0 0.0 -3.67270412335 24.5074569885 -51.9070843498" name="Frame.iam:8020 Metric  00000065:1">
			<child node="Frame.iam:8020 Metric  00000065:1_BODY">
			</child>
		</group>
		<lod_group priority="3" levels="3" src_id="19" name="Frame.iam:8020 Metric  00000065:1_BODY" transformation="0.0 0.0 1.0 0.0 1.0 0.0 -1.0 0.0 0.0 -51.9070843498 -24.5074569885 3.67270412335" original_world_transform="1.0 0.0 0.0 0.0 1.0 0.0 0.0 0.0 1.0 0.0 0.0 0.0">
		</lod_group>
		<group transformation="-0.313500726985 0.949587960212 2.21191326587e-16 -0.949587960212 -0.313500726985 2.92671506994e-16 3.47260981026e-16 -1.18287890419e-16 1.0 -5.67284916555 24.5074569885 -61.5570843492" name="Frame.iam:21.1846 LEVELING FOOT M10 WITH BORES:1">
			<child node="Frame.iam:ANTI-SKID PAD 100mm WITH BORES:1">
			</child>
			<child node="Frame.iam:PAD 100mm GRAY PLASTIC WITH BORES:1">
			</child>
			<child node="Frame.iam:21.1846 THREADED STUD 10mm:1">
			</child>
			<child node="Frame.iam:M10 HEX NUT DIN 934:1">
			</child>
		</group>
		<group original_world_transform="-0.313500726985 0.949587960212 2.21191326587e-16 -0.949587960212 -0.313500726985 2.92671506994e-16 3.47260981026e-16 -1.18287890419e-16 1.0 -5.67284916555 24.5074569885 -61.5570843492" name="Frame.iam:ANTI-SKID PAD 100mm WITH BORES:1">
			<child node="Frame.iam:ANTI-SKID PAD 100mm WITH BORES:1_BODY">
			</child>
		</group>
		<lod_group priority="3" levels="3" src_id="20" name="Frame.iam:ANTI-SKID PAD 100mm WITH BORES:1_BODY" transformation="-0.313500726985 -0.949587960212 3.47260981026e-16 0.949587960212 -0.313500726985 -1.18287890419e-16 2.21191326587e-16 2.92671506994e-16 1.0 -25.0504284292 2.29623631477 61.5570843492" original_world_transform="1.0 -4.10767688706e-32 1.47911419729e-31 1.11022302463e-16 1.0 4.93038065763e-32 0.0 -2.46519032882e-32 1.0 -3.5527136788e-15 7.1054273576e-15 0.0">
		</lod_group>
		<group original_world_transform="-0.313500726985 0.949587960212 3.75003735133e-17 2.89673733697e-16 5.61428270189e-17 1.0 0.949587960212 0.313500726985 -2.92671506994e-16 -5.67284916555 24.5074569885 -61.3570843492" transformation="1.0 2.77555756156e-16 -1.83690953073e-16 1.83690953073e-16 4.93038065763e-32 1.0 2.77555756156e-16 -1.0 4.93038065763e-32 1.7763568394e-14 1.33226762955e-15 0.2" name="Frame.iam:PAD 100mm GRAY PLASTIC WITH BORES:1">
			<child node="Frame.iam:PAD 100mm GRAY PLASTIC WITH BORES:1_BODY">
			</child>
		</group>
		<lod_group priority="3" levels="3" src_id="21" name="Frame.iam:PAD 100mm GRAY PLASTIC WITH BORES:1_BODY" transformation="-0.313500726985 2.89673733697e-16 0.949587960212 0.949587960212 5.61428270189e-17 0.313500726985 3.75003735133e-17 1.0 -2.92671506994e-16 -25.0504284292 61.3570843492 -2.29623631477" original_world_transform="1.0 0.0 0.0 0.0 1.0 1.23259516441e-32 -1.47911419729e-31 -7.39557098645e-32 1.0 0.0 0.0 0.0">
		</lod_group>
		<group original_world_transform="-0.965925826289 0.258819045103 3.66043508881e-16 -0.258819045103 -0.965925826289 9.80810625995e-17 3.78956125739e-16 4.93038065763e-32 1.0 -5.67284916555 24.5074569885 -59.8070843492" transformation="0.548589897859 0.836091576305 -4.93038065763e-32 -0.836091576305 0.548589897859 1.22460635382e-16 1.02388305672e-16 -6.7180667456e-17 1.0 0.0 1.7763568394e-15 1.75" name="Frame.iam:21.1846 THREADED STUD 10mm:1">
			<child node="Frame.iam:21.1846 THREADED STUD 10mm:1_BODY">
			</child>
		</group>
		<group original_world_transform="1.0 1.86839795243e-47 0.0 8.54618830726e-48 1.0 1.02259685567e-32 0.0 0.0 1.0 3.5527136788e-15 -3.5527136788e-15 0.0" transformation="-0.965925826289 -0.258819045103 3.78956125739e-16 0.258819045103 -0.965925826289 2.25519202008e-32 3.66043508881e-16 9.80810625995e-17 1.0 -11.8225481333 22.2041442379 59.8070843492" name="Frame.iam:21.1846 THREADED STUD 10mm:1_BODY">
			<child node="Frame.iam:21.1846 THREADED STUD 10mm:1_BODY-1">
			</child>
			<child node="Frame.iam:21.1846 THREADED STUD 10mm:1_BODY-2">
			</child>
			<child node="Frame.iam:21.1846 THREADED STUD 10mm:1_BODY-3">
			</child>
			<child node="Frame.iam:21.1846 THREADED STUD 10mm:1_BODY-4">
			</child>
		</group>
		<lod_group priority="3" levels="3" src_id="22" name="Frame.iam:21.1846 THREADED STUD 10mm:1_BODY-1">
		</lod_group>
		<lod_group priority="3" levels="3" src_id="23" name="Frame.iam:21.1846 THREADED STUD 10mm:1_BODY-2">
		</lod_group>
		<lod_group priority="3" levels="3" src_id="24" name="Frame.iam:21.1846 THREADED STUD 10mm:1_BODY-3">
		</lod_group>
		<lod_group priority="3" levels="3" src_id="25" name="Frame.iam:21.1846 THREADED STUD 10mm:1_BODY-4">
		</lod_group>
		<group original_world_transform="-2.26176117032e-16 9.99831661752e-17 -1.0 0.149474353021 0.988765603057 6.50523868367e-17 0.988765603057 -0.149474353021 -2.38580083831e-16 -5.67284916555 24.5074569885 -56.4770843492" transformation="-5.53421386465e-17 -1.09242184655e-16 -1.0 0.892059593797 -0.451917781365 -1.23259516441e-32 -0.451917781365 -0.892059593797 1.22460635382e-16 0.0 1.7763568394e-15 5.08" name="Frame.iam:M10 HEX NUT DIN 934:1">
			<child node="Frame.iam:M10 HEX NUT DIN 934:1_BODY">
			</child>
		</group>
		<group original_world_transform="1.0 -2.77555756156e-17 0.0 0.0 1.0 -1.23259516441e-32 -9.86076131526e-32 2.46519032882e-32 1.0 1.7763568394e-15 3.5527136788e-15 1.42108547152e-14" transformation="-2.26176117032e-16 0.149474353021 0.988765603057 9.99831661752e-17 0.988765603057 -0.149474353021 -1.0 6.50523868367e-17 -2.38580083831e-16 -56.4770843492 -23.3841850299 9.27235440377" name="Frame.iam:M10 HEX NUT DIN 934:1_BODY">
			<child node="Frame.iam:M10 HEX NUT DIN 934:1_BODY-1">
			</child>
			<child node="Frame.iam:M10 HEX NUT DIN 934:1_BODY-2">
			</child>
			<child node="Frame.iam:M10 HEX NUT DIN 934:1_BODY-3">
			</child>
		</group>
		<lod_group priority="3" levels="3" src_id="26" name="Frame.iam:M10 HEX NUT DIN 934:1_BODY-1">
		</lod_group>
		<lod_group priority="3" levels="3" src_id="27" name="Frame.iam:M10 HEX NUT DIN 934:1_BODY-2">
		</lod_group>
		<lod_group priority="3" levels="3" src_id="28" name="Frame.iam:M10 HEX NUT DIN 934:1_BODY-3">
		</lod_group>
		<group transformation="0.548589897859 -0.836091576305 -1.55744548393e-18 0.836091576305 0.548589897859 -2.25601679716e-16 1.89478062869e-16 1.22460635382e-16 1.0 98.3274409189 95.5070491646 -61.5570843498" name="Frame.iam:21.1846 LEVELING FOOT M10 WITH BORES:2">
			<child node="Frame.iam:ANTI-SKID PAD 100mm WITH BORES:1-3">
			</child>
			<child node="Frame.iam:PAD 100mm GRAY PLASTIC WITH BORES:1-6">
			</child>
			<child node="Frame.iam:21.1846 THREADED STUD 10mm:1-5">
			</child>
			<child node="Frame.iam:M10 HEX NUT DIN 934:1-4">
			</child>
		</group>
		<group original_world_transform="0.548589897859 -0.836091576305 -1.55744548393e-18 0.836091576305 0.548589897859 -2.25601679716e-16 1.89478062869e-16 1.22460635382e-16 1.0 98.3274409189 95.5070491646 -61.5570843498" name="Frame.iam:ANTI-SKID PAD 100mm WITH BORES:1-3">
			<child node="Frame.iam:ANTI-SKID PAD 100mm WITH BORES:1_BODY-2">
			</child>
		</group>
		<lod_group priority="3" levels="3" src_id="20" name="Frame.iam:ANTI-SKID PAD 100mm WITH BORES:1_BODY-2" transformation="-0.313500726985 -0.949587960212 3.47260981026e-16 0.949587960212 -0.313500726985 -1.18287890419e-16 2.21191326587e-16 2.92671506994e-16 1.0 -25.0504284292 2.29623631477 61.5570843492" original_world_transform="-0.965925826289 -0.258819045103 5.61977880179e-16 0.258819045103 -0.965925826289 -4.90405312997e-17 5.55521571751e-16 9.80810625995e-17 1.0 86.5048927855 117.711193402 -5.99975180648e-10">
		</lod_group>
		<group original_world_transform="0.548589897859 -0.836091576305 -1.85248398557e-16 2.90249064053e-16 -3.11218231258e-17 1.0 -0.836091576305 -0.548589897859 2.25601679716e-16 98.3274409189 95.5070491646 -61.3570843498" transformation="1.0 2.22044604925e-16 -1.83690953073e-16 1.83690953073e-16 4.93038065763e-32 1.0 2.77555756156e-16 -1.0 0.0 2.13162820728e-14 2.84217094304e-14 0.2" name="Frame.iam:PAD 100mm GRAY PLASTIC WITH BORES:1-6">
			<child node="Frame.iam:PAD 100mm GRAY PLASTIC WITH BORES:1_BODY-2">
			</child>
		</group>
		<lod_group priority="3" levels="3" src_id="21" name="Frame.iam:PAD 100mm GRAY PLASTIC WITH BORES:1_BODY-2" transformation="-0.313500726985 2.89673733697e-16 0.949587960212 0.949587960212 5.61428270189e-17 0.313500726985 3.75003735133e-17 1.0 -2.92671506994e-16 -25.0504284292 61.3570843492 -2.29623631477" original_world_transform="-0.965925826289 -0.258819045103 5.61977880179e-16 0.258819045103 -0.965925826289 -4.90405312997e-17 5.55521571751e-16 9.80810625995e-17 1.0 86.5048927855 117.711193402 -5.99975180648e-10">
		</lod_group>
		<group original_world_transform="1.0 9.54791801178e-15 -1.89478062869e-16 -9.60342916301e-15 1.0 1.52841800387e-30 1.89478062869e-16 2.21867129593e-31 1.0 98.3274409189 95.5070491646 -59.8070843498" transformation="0.548589897859 0.836091576305 0.0 -0.836091576305 0.548589897859 1.22460635382e-16 1.02388305672e-16 -6.7180667456e-17 1.0 0.0 0.0 1.75" name="Frame.iam:21.1846 THREADED STUD 10mm:1-5">
			<child node="Frame.iam:21.1846 THREADED STUD 10mm:1_BODY-5">
			</child>
		</group>
		<group original_world_transform="-0.965925826289 -0.258819045103 5.61977880179e-16 0.258819045103 -0.965925826289 -4.90405312997e-17 5.55521571751e-16 9.80810625995e-17 1.0 86.5048927855 117.711193402 -5.99989391503e-10" transformation="-0.965925826289 -0.258819045103 3.78956125739e-16 0.258819045103 -0.965925826289 4.93038065763e-32 3.66043508881e-16 9.80810625995e-17 1.0 -11.8225481333 22.2041442379 59.8070843492" name="Frame.iam:21.1846 THREADED STUD 10mm:1_BODY-5">
			<child node="Frame.iam:21.1846 THREADED STUD 10mm:1_BODY-6">
			</child>
			<child node="Frame.iam:21.1846 THREADED STUD 10mm:1_BODY-7">
			</child>
			<child node="Frame.iam:21.1846 THREADED STUD 10mm:1_BODY-8">
			</child>
			<child node="Frame.iam:21.1846 THREADED STUD 10mm:1_BODY-9">
			</child>
		</group>
		<lod_group priority="3" levels="3" src_id="22" original_world_transform="-0.965925826289 -0.258819045103 5.61977880179e-16 0.258819045103 -0.965925826289 -4.90405312997e-17 5.55521571751e-16 9.80810625995e-17 1.0 86.5048927855 117.711193402 -5.99989391503e-10" name="Frame.iam:21.1846 THREADED STUD 10mm:1_BODY-6">
		</lod_group>
		<lod_group priority="3" levels="3" src_id="23" original_world_transform="-0.965925826289 -0.258819045103 5.61977880179e-16 0.258819045103 -0.965925826289 -4.90405312997e-17 5.55521571751e-16 9.80810625995e-17 1.0 86.5048927855 117.711193402 -5.99989391503e-10" name="Frame.iam:21.1846 THREADED STUD 10mm:1_BODY-7">
		</lod_group>
		<lod_group priority="3" levels="3" src_id="24" original_world_transform="-0.965925826289 -0.258819045103 5.61977880179e-16 0.258819045103 -0.965925826289 -4.90405312997e-17 5.55521571751e-16 9.80810625995e-17 1.0 86.5048927855 117.711193402 -5.99989391503e-10" name="Frame.iam:21.1846 THREADED STUD 10mm:1_BODY-8">
		</lod_group>
		<lod_group priority="3" levels="3" src_id="25" original_world_transform="-0.965925826289 -0.258819045103 5.61977880179e-16 0.258819045103 -0.965925826289 -4.90405312997e-17 5.55521571751e-16 9.80810625995e-17 1.0 86.5048927855 117.711193402 -5.99989391503e-10" name="Frame.iam:21.1846 THREADED STUD 10mm:1_BODY-9">
		</lod_group>
		<group original_world_transform="-3.11174671424e-16 -1.36118698367e-16 -1.0 0.111530231263 -0.993761041455 1.00564076384e-16 -0.993761041455 -0.111530231263 3.24414615457e-16 98.3274409189 95.5070491646 -56.4770843498" transformation="-5.53421386465e-17 -1.09242184655e-16 -1.0 0.892059593797 -0.451917781365 -7.39557098645e-32 -0.451917781365 -0.892059593797 1.22460635382e-16 0.0 0.0 5.08" name="Frame.iam:M10 HEX NUT DIN 934:1-4">
			<child node="Frame.iam:M10 HEX NUT DIN 934:1_BODY-4">
			</child>
		</group>
		<group original_world_transform="-0.965925826289 -0.258819045103 5.61977880179e-16 0.258819045103 -0.965925826289 -4.90405312997e-17 5.55521571751e-16 9.80810625995e-17 1.0 86.5048927855 117.711193402 -5.99975180648e-10" transformation="-2.26176117032e-16 0.149474353021 0.988765603057 9.99831661752e-17 0.988765603057 -0.149474353021 -1.0 6.50523868367e-17 -2.38580083831e-16 -56.4770843492 -23.3841850299 9.27235440377" name="Frame.iam:M10 HEX NUT DIN 934:1_BODY-4">
			<child node="Frame.iam:M10 HEX NUT DIN 934:1_BODY-5">
			</child>
			<child node="Frame.iam:M10 HEX NUT DIN 934:1_BODY-6">
			</child>
			<child node="Frame.iam:M10 HEX NUT DIN 934:1_BODY-7">
			</child>
		</group>
		<lod_group priority="3" levels="3" src_id="26" original_world_transform="-0.965925826289 -0.258819045103 5.61977880179e-16 0.258819045103 -0.965925826289 -4.90405312997e-17 5.55521571751e-16 9.80810625995e-17 1.0 86.5048927855 117.711193402 -5.99975180648e-10" name="Frame.iam:M10 HEX NUT DIN 934:1_BODY-5">
		</lod_group>
		<lod_group priority="3" levels="3" src_id="27" original_world_transform="-0.965925826289 -0.258819045103 5.61977880179e-16 0.258819045103 -0.965925826289 -4.90405312997e-17 5.55521571751e-16 9.80810625995e-17 1.0 86.5048927855 117.711193402 -5.99975180648e-10" name="Frame.iam:M10 HEX NUT DIN 934:1_BODY-6">
		</lod_group>
		<lod_group priority="3" levels="3" src_id="28" original_world_transform="-0.965925826289 -0.258819045103 5.61977880179e-16 0.258819045103 -0.965925826289 -4.90405312997e-17 5.55521571751e-16 9.80810625995e-17 1.0 86.5048927855 117.711193402 -5.99975180648e-10" name="Frame.iam:M10 HEX NUT DIN 934:1_BODY-7">
		</lod_group>
		<group transformation="-0.893138575957 0.449781596041 4.40848640165e-16 -0.449781596041 -0.893138575957 1.03266823608e-16 4.4018644343e-16 -1.06054021205e-16 1.0 -5.67284916555 95.5070491646 -61.5570843492" name="Frame.iam:21.1846 LEVELING FOOT M10 WITH BORES:4">
			<child node="Frame.iam:ANTI-SKID PAD 100mm WITH BORES:1-6">
			</child>
			<child node="Frame.iam:PAD 100mm GRAY PLASTIC WITH BORES:1-12">
			</child>
			<child node="Frame.iam:21.1846 THREADED STUD 10mm:1-10">
			</child>
			<child node="Frame.iam:M10 HEX NUT DIN 934:1-8">
			</child>
		</group>
		<group original_world_transform="-0.893138575957 0.449781596041 4.40848640165e-16 -0.449781596041 -0.893138575957 1.03266823608e-16 4.4018644343e-16 -1.06054021205e-16 1.0 -5.67284916555 95.5070491646 -61.5570843492" name="Frame.iam:ANTI-SKID PAD 100mm WITH BORES:1-6">
			<child node="Frame.iam:ANTI-SKID PAD 100mm WITH BORES:1_BODY-4">
			</child>
		</group>
		<lod_group priority="3" levels="3" src_id="20" name="Frame.iam:ANTI-SKID PAD 100mm WITH BORES:1_BODY-4" transformation="-0.313500726985 -0.949587960212 3.47260981026e-16 0.949587960212 -0.313500726985 -1.18287890419e-16 2.21191326587e-16 2.92671506994e-16 1.0 -25.0504284292 2.29623631477 61.5570843492" original_world_transform="0.707106781186 0.707106781187 1.10993679457e-16 -0.707106781187 0.707106781186 2.67962446282e-16 1.10993679457e-16 -2.67962446282e-16 1.0 15.6678499743 82.188970252 -7.1054273576e-15">
		</lod_group>
		<group original_world_transform="-0.893138575957 0.449781596041 2.57157687091e-16 2.76124967186e-16 -2.3433211153e-17 1.0 0.449781596041 0.893138575957 -1.03266823608e-16 -5.67284916555 95.5070491646 -61.3570843492" transformation="1.0 2.77555756156e-16 -1.83690953073e-16 1.83690953073e-16 4.93038065763e-32 1.0 2.77555756156e-16 -1.0 2.46519032882e-32 1.42108547152e-14 1.42108547152e-14 0.2" name="Frame.iam:PAD 100mm GRAY PLASTIC WITH BORES:1-12">
			<child node="Frame.iam:PAD 100mm GRAY PLASTIC WITH BORES:1_BODY-4">
			</child>
		</group>
		<lod_group priority="3" levels="3" src_id="21" name="Frame.iam:PAD 100mm GRAY PLASTIC WITH BORES:1_BODY-4" transformation="-0.313500726985 2.89673733697e-16 0.949587960212 0.949587960212 5.61428270189e-17 0.313500726985 3.75003735133e-17 1.0 -2.92671506994e-16 -25.0504284292 61.3570843492 -2.29623631477" original_world_transform="0.707106781186 0.707106781187 1.10993679457e-16 -0.707106781187 0.707106781186 2.67962446282e-16 1.10993679457e-16 -2.67962446282e-16 1.0 15.6678499743 82.188970252 -7.1054273576e-15">
		</lod_group>
		<group original_world_transform="-0.866025403784 -0.5 3.28185631809e-16 0.5 -0.866025403784 -1.89478062869e-16 3.78956125739e-16 2.46519032882e-32 1.0 -5.67284916555 95.5070491646 -59.8070843492" transformation="0.548589897859 0.836091576305 4.93038065763e-32 -0.836091576305 0.548589897859 1.22460635382e-16 1.02388305672e-16 -6.7180667456e-17 1.0 0.0 0.0 1.75" name="Frame.iam:21.1846 THREADED STUD 10mm:1-10">
			<child node="Frame.iam:21.1846 THREADED STUD 10mm:1_BODY-10">
			</child>
		</group>
		<group original_world_transform="0.707106781186 0.707106781187 1.10993679457e-16 -0.707106781187 0.707106781186 2.67962446282e-16 1.10993679457e-16 -2.67962446282e-16 1.0 15.6678499743 82.188970252 -7.1054273576e-15" transformation="-0.965925826289 -0.258819045103 3.78956125739e-16 0.258819045103 -0.965925826289 -4.93038065763e-32 3.66043508881e-16 9.80810625995e-17 1.0 -11.8225481333 22.2041442379 59.8070843492" name="Frame.iam:21.1846 THREADED STUD 10mm:1_BODY-10">
			<child node="Frame.iam:21.1846 THREADED STUD 10mm:1_BODY-11">
			</child>
			<child node="Frame.iam:21.1846 THREADED STUD 10mm:1_BODY-12">
			</child>
			<child node="Frame.iam:21.1846 THREADED STUD 10mm:1_BODY-13">
			</child>
			<child node="Frame.iam:21.1846 THREADED STUD 10mm:1_BODY-14">
			</child>
		</group>
		<lod_group priority="3" levels="3" src_id="22" original_world_transform="0.707106781186 0.707106781187 1.10993679457e-16 -0.707106781187 0.707106781186 2.67962446282e-16 1.10993679457e-16 -2.67962446282e-16 1.0 15.6678499743 82.188970252 -7.1054273576e-15" name="Frame.iam:21.1846 THREADED STUD 10mm:1_BODY-11">
		</lod_group>
		<lod_group priority="3" levels="3" src_id="23" original_world_transform="0.707106781186 0.707106781187 1.10993679457e-16 -0.707106781187 0.707106781186 2.67962446282e-16 1.10993679457e-16 -2.67962446282e-16 1.0 15.6678499743 82.188970252 -7.1054273576e-15" name="Frame.iam:21.1846 THREADED STUD 10mm:1_BODY-12">
		</lod_group>
		<lod_group priority="3" levels="3" src_id="24" original_world_transform="0.707106781186 0.707106781187 1.10993679457e-16 -0.707106781187 0.707106781186 2.67962446282e-16 1.10993679457e-16 -2.67962446282e-16 1.0 15.6678499743 82.188970252 -7.1054273576e-15" name="Frame.iam:21.1846 THREADED STUD 10mm:1_BODY-13">
		</lod_group>
		<lod_group priority="3" levels="3" src_id="25" original_world_transform="0.707106781186 0.707106781187 1.10993679457e-16 -0.707106781187 0.707106781186 2.67962446282e-16 1.10993679457e-16 -2.67962446282e-16 1.0 15.6678499743 82.188970252 -7.1054273576e-15" name="Frame.iam:21.1846 THREADED STUD 10mm:1_BODY-14">
		</lod_group>
		<group original_world_transform="-3.41623120359e-16 1.78730554993e-16 -1.0 -0.593468534291 0.80485719156 3.46595145058e-16 0.80485719156 0.593468534291 -1.6888686472e-16 -5.67284916555 95.5070491646 -56.4770843492" transformation="-5.53421386465e-17 -1.09242184655e-16 -1.0 0.892059593797 -0.451917781365 4.93038065763e-32 -0.451917781365 -0.892059593797 1.22460635382e-16 0.0 0.0 5.08" name="Frame.iam:M10 HEX NUT DIN 934:1-8">
			<child node="Frame.iam:M10 HEX NUT DIN 934:1_BODY-8">
			</child>
		</group>
		<group original_world_transform="0.707106781186 0.707106781187 1.10993679457e-16 -0.707106781187 0.707106781186 2.67962446282e-16 1.10993679457e-16 -2.67962446282e-16 1.0 15.6678499743 82.188970252 7.1054273576e-15" transformation="-2.26176117032e-16 0.149474353021 0.988765603057 9.99831661752e-17 0.988765603057 -0.149474353021 -1.0 6.50523868367e-17 -2.38580083831e-16 -56.4770843492 -23.3841850299 9.27235440377" name="Frame.iam:M10 HEX NUT DIN 934:1_BODY-8">
			<child node="Frame.iam:M10 HEX NUT DIN 934:1_BODY-9">
			</child>
			<child node="Frame.iam:M10 HEX NUT DIN 934:1_BODY-10">
			</child>
			<child node="Frame.iam:M10 HEX NUT DIN 934:1_BODY-11">
			</child>
		</group>
		<lod_group priority="3" levels="3" src_id="26" original_world_transform="0.707106781186 0.707106781187 1.10993679457e-16 -0.707106781187 0.707106781186 2.67962446282e-16 1.10993679457e-16 -2.67962446282e-16 1.0 15.6678499743 82.188970252 7.1054273576e-15" name="Frame.iam:M10 HEX NUT DIN 934:1_BODY-9">
		</lod_group>
		<lod_group priority="3" levels="3" src_id="27" original_world_transform="0.707106781186 0.707106781187 1.10993679457e-16 -0.707106781187 0.707106781186 2.67962446282e-16 1.10993679457e-16 -2.67962446282e-16 1.0 15.6678499743 82.188970252 7.1054273576e-15" name="Frame.iam:M10 HEX NUT DIN 934:1_BODY-10">
		</lod_group>
		<lod_group priority="3" levels="3" src_id="28" original_world_transform="0.707106781186 0.707106781187 1.10993679457e-16 -0.707106781187 0.707106781186 2.67962446282e-16 1.10993679457e-16 -2.67962446282e-16 1.0 15.6678499743 82.188970252 7.1054273576e-15" name="Frame.iam:M10 HEX NUT DIN 934:1_BODY-11">
		</lod_group>
		<group transformation="0.893138575957 -0.449781596041 -6.68418615743e-17 0.449781596041 0.893138575957 -1.52404412988e-16 1.28247745178e-16 1.06054021205e-16 1.0 98.3274409189 24.5074569885 -61.5570843498" name="Frame.iam:21.1846 LEVELING FOOT M10 WITH BORES:5">
			<child node="Frame.iam:ANTI-SKID PAD 100mm WITH BORES:1-9">
			</child>
			<child node="Frame.iam:PAD 100mm GRAY PLASTIC WITH BORES:1-18">
			</child>
			<child node="Frame.iam:21.1846 THREADED STUD 10mm:1-15">
			</child>
			<child node="Frame.iam:M10 HEX NUT DIN 934:1-12">
			</child>
		</group>
		<group original_world_transform="0.893138575957 -0.449781596041 -6.68418615743e-17 0.449781596041 0.893138575957 -1.52404412988e-16 1.28247745178e-16 1.06054021205e-16 1.0 98.3274409189 24.5074569885 -61.5570843498" name="Frame.iam:ANTI-SKID PAD 100mm WITH BORES:1-9">
			<child node="Frame.iam:ANTI-SKID PAD 100mm WITH BORES:1_BODY-6">
			</child>
		</group>
		<lod_group priority="3" levels="3" src_id="20" name="Frame.iam:ANTI-SKID PAD 100mm WITH BORES:1_BODY-6" transformation="-0.313500726985 -0.949587960212 3.47260981026e-16 0.949587960212 -0.313500726985 -1.18287890419e-16 2.21191326587e-16 2.92671506994e-16 1.0 -25.0504284292 2.29623631477 61.5570843492" original_world_transform="-0.707106781187 -0.707106781186 5.1293734888e-16 0.707106781186 -0.707106781187 -1.33981223141e-16 4.57440509151e-16 2.67962446282e-16 1.0 76.986741779 37.8255359012 -5.99975180648e-10">
		</lod_group>
		<group original_world_transform="0.893138575957 -0.449781596041 -2.50532814648e-16 2.92309221422e-16 2.3433211153e-17 1.0 -0.449781596041 -0.893138575957 1.52404412988e-16 98.3274409189 24.5074569885 -61.3570843498" transformation="1.0 2.77555756156e-16 -1.83690953073e-16 1.83690953073e-16 4.93038065763e-32 1.0 2.77555756156e-16 -1.0 -2.46519032882e-32 1.42108547152e-14 0.0 0.2" name="Frame.iam:PAD 100mm GRAY PLASTIC WITH BORES:1-18">
			<child node="Frame.iam:PAD 100mm GRAY PLASTIC WITH BORES:1_BODY-6">
			</child>
		</group>
		<lod_group priority="3" levels="3" src_id="21" name="Frame.iam:PAD 100mm GRAY PLASTIC WITH BORES:1_BODY-6" transformation="-0.313500726985 2.89673733697e-16 0.949587960212 0.949587960212 5.61428270189e-17 0.313500726985 3.75003735133e-17 1.0 -2.92671506994e-16 -25.0504284292 61.3570843492 -2.29623631477" original_world_transform="-0.707106781187 -0.707106781186 5.1293734888e-16 0.707106781186 -0.707106781187 -1.33981223141e-16 4.57440509151e-16 2.67962446282e-16 1.0 76.986741779 37.8255359012 -5.99975180648e-10">
		</lod_group>
		<group original_world_transform="0.866025403784 0.5 -1.64092815905e-16 -0.5 0.866025403784 9.47390314347e-17 1.89478062869e-16 -3.69778549322e-32 1.0 98.3274409189 24.5074569885 -59.8070843498" transformation="0.548589897859 0.836091576305 0.0 -0.836091576305 0.548589897859 1.22460635382e-16 1.02388305672e-16 -6.7180667456e-17 1.0 0.0 0.0 1.75" name="Frame.iam:21.1846 THREADED STUD 10mm:1-15">
			<child node="Frame.iam:21.1846 THREADED STUD 10mm:1_BODY-15">
			</child>
		</group>
		<group original_world_transform="-0.707106781187 -0.707106781186 5.1293734888e-16 0.707106781186 -0.707106781187 -1.33981223141e-16 4.57440509151e-16 2.67962446282e-16 1.0 76.986741779 37.8255359012 -5.99975180648e-10" transformation="-0.965925826289 -0.258819045103 3.78956125739e-16 0.258819045103 -0.965925826289 2.46519032882e-32 3.66043508881e-16 9.80810625995e-17 1.0 -11.8225481333 22.2041442379 59.8070843492" name="Frame.iam:21.1846 THREADED STUD 10mm:1_BODY-15">
			<child node="Frame.iam:21.1846 THREADED STUD 10mm:1_BODY-16">
			</child>
			<child node="Frame.iam:21.1846 THREADED STUD 10mm:1_BODY-17">
			</child>
			<child node="Frame.iam:21.1846 THREADED STUD 10mm:1_BODY-18">
			</child>
			<child node="Frame.iam:21.1846 THREADED STUD 10mm:1_BODY-19">
			</child>
		</group>
		<lod_group priority="3" levels="3" src_id="22" original_world_transform="-0.707106781187 -0.707106781186 5.1293734888e-16 0.707106781186 -0.707106781187 -1.33981223141e-16 4.57440509151e-16 2.67962446282e-16 1.0 76.986741779 37.8255359012 -5.99975180648e-10" name="Frame.iam:21.1846 THREADED STUD 10mm:1_BODY-16">
		</lod_group>
		<lod_group priority="3" levels="3" src_id="23" original_world_transform="-0.707106781187 -0.707106781186 5.1293734888e-16 0.707106781186 -0.707106781187 -1.33981223141e-16 4.57440509151e-16 2.67962446282e-16 1.0 76.986741779 37.8255359012 -5.99975180648e-10" name="Frame.iam:21.1846 THREADED STUD 10mm:1_BODY-17">
		</lod_group>
		<lod_group priority="3" levels="3" src_id="24" original_world_transform="-0.707106781187 -0.707106781186 5.1293734888e-16 0.707106781186 -0.707106781187 -1.33981223141e-16 4.57440509151e-16 2.67962446282e-16 1.0 76.986741779 37.8255359012 -5.99975180648e-10" name="Frame.iam:21.1846 THREADED STUD 10mm:1_BODY-18">
		</lod_group>
		<lod_group priority="3" levels="3" src_id="25" original_world_transform="-0.707106781187 -0.707106781186 5.1293734888e-16 0.707106781186 -0.707106781187 -1.33981223141e-16 4.57440509151e-16 2.67962446282e-16 1.0 76.986741779 37.8255359012 -5.99975180648e-10" name="Frame.iam:21.1846 THREADED STUD 10mm:1_BODY-19">
		</lod_group>
		<group original_world_transform="-2.26811068249e-16 -1.78730554993e-16 -1.0 0.593468534291 -0.80485719156 9.2473403033e-18 -0.80485719156 -0.593468534291 2.8862147991e-16 98.3274409189 24.5074569885 -56.4770843498" transformation="-5.53421386465e-17 -1.09242184655e-16 -1.0 0.892059593797 -0.451917781365 -4.93038065763e-32 -0.451917781365 -0.892059593797 1.22460635382e-16 -1.42108547152e-14 0.0 5.08" name="Frame.iam:M10 HEX NUT DIN 934:1-12">
			<child node="Frame.iam:M10 HEX NUT DIN 934:1_BODY-12">
			</child>
		</group>
		<group original_world_transform="-0.707106781187 -0.707106781186 5.1293734888e-16 0.707106781186 -0.707106781187 -1.33981223141e-16 4.57440509151e-16 2.67962446282e-16 1.0 76.986741779 37.8255359012 -5.99982286076e-10" transformation="-2.26176117032e-16 0.149474353021 0.988765603057 9.99831661752e-17 0.988765603057 -0.149474353021 -1.0 6.50523868367e-17 -2.38580083831e-16 -56.4770843492 -23.3841850299 9.27235440377" name="Frame.iam:M10 HEX NUT DIN 934:1_BODY-12">
			<child node="Frame.iam:M10 HEX NUT DIN 934:1_BODY-13">
			</child>
			<child node="Frame.iam:M10 HEX NUT DIN 934:1_BODY-14">
			</child>
			<child node="Frame.iam:M10 HEX NUT DIN 934:1_BODY-15">
			</child>
		</group>
		<lod_group priority="3" levels="3" src_id="26" original_world_transform="-0.707106781187 -0.707106781186 5.1293734888e-16 0.707106781186 -0.707106781187 -1.33981223141e-16 4.57440509151e-16 2.67962446282e-16 1.0 76.986741779 37.8255359012 -5.99982286076e-10" name="Frame.iam:M10 HEX NUT DIN 934:1_BODY-13">
		</lod_group>
		<lod_group priority="3" levels="3" src_id="27" original_world_transform="-0.707106781187 -0.707106781186 5.1293734888e-16 0.707106781186 -0.707106781187 -1.33981223141e-16 4.57440509151e-16 2.67962446282e-16 1.0 76.986741779 37.8255359012 -5.99982286076e-10" name="Frame.iam:M10 HEX NUT DIN 934:1_BODY-14">
		</lod_group>
