<?xml version="1.0" encoding="utf-8"?>
<scene_description align="t" cut="201503040913-441466" version="2014.04" unit="1">
	<models>
		<import transformation="1.0 0.0 0.0 0.0 6.12323399574e-17 1.0 0.0 -1.0 6.12323399574e-17 0.0 0.0 0.0" original_transform="1.0 0.0 0.0 0.0 1.0 0.0 0.0 0.0 1.0 0.0 0.0 0.0" name="PrinterMini.iam">
			<child node="PrinterMini.iam:PrinterMini">
			</child>
		</import>
		<group label="PrinterMini.iam" name="PrinterMini.iam:PrinterMini" has_original_label="1">
			<child node="PrinterMini.iam:BaseMini:1">
			</child>
			<child node="PrinterMini.iam:FrameMini:1">
			</child>
			<child node="PrinterMini.iam:PistonFrameMini:1">
			</child>
			<child node="PrinterMini.iam:PistonFrameMini:2">
			</child>
			<child node="PrinterMini.iam:PistonWorkFrameMini:1">
			</child>
			<child node="PrinterMini.iam:Nema17Stepper:1">
			</child>
			<child node="PrinterMini.iam:LinearActuatorMini:1">
			</child>
			<child node="PrinterMini.iam:LinearActuatorMini:2">
			</child>
			<child node="PrinterMini.iam:LinearActuatorMini:3">
			</child>
			<child node="PrinterMini.iam:PistonFeederHeadMini:3">
			</child>
			<child node="PrinterMini.iam:PistonFeederHeadMini:4">
			</child>
			<child node="PrinterMini.iam:FrameSheetLaserViewportMini:1">
			</child>
			<child node="PrinterMini.iam:PistonWorkHeadMini:1">
			</child>
			<child node="PrinterMini.iam:Nema17Stepper:2">
			</child>
			<child node="PrinterMini.iam:Nema17Stepper:3">
			</child>
		</group>
		<group transformation="0.999795595199 0.00495543788068 0.0196013125983 -0.00520932583231 0.999902927149 0.0129228171647 -0.0195353716253 -0.0130222853029 0.999724356681 -31.7494892223 -15.5741864377 -6.01902727107" name="PrinterMini.iam:BaseMini:1">
			<child node="PrinterMini.iam:BaseMini:1-1">
			</child>
		</group>
		<lod_group priority="3" levels="3" src_id="0" original_world_transform="0.999795595199 0.00495543788068 0.0196013125983 -0.00520932583231 0.999902927149 0.0129228171647 -0.0195353716253 -0.0130222853029 0.999724356681 -31.7494892223 -15.5741864377 -6.01902727107" name="PrinterMini.iam:BaseMini:1-1">
		</lod_group>
		<group transformation="0.999795595199 0.00495543788069 0.0196013125983 -0.00520932583231 0.999902927149 0.0129228171647 -0.0195353716253 -0.0130222853029 0.999724356681 -31.6964153423 -15.7885399876 -1.01940371355" name="PrinterMini.iam:FrameMini:1">
			<child node="PrinterMini.iam:Frame0001:1">
			</child>
		</group>
		<group original_world_transform="0.999795595199 0.00495543788069 0.0196013125983 -0.00520932583231 0.999902927149 0.0129228171647 -0.0195353716253 -0.0130222853029 0.999724356681 -31.6964153423 -15.7885399876 -1.01940371355" name="PrinterMini.iam:Frame0001:1">
			<child node="PrinterMini.iam:8020 Metric  00000015:1">
			</child>
			<child node="PrinterMini.iam:8020 Metric  00000016:1">
			</child>
			<child node="PrinterMini.iam:8020 Metric  00000017:1">
			</child>
			<child node="PrinterMini.iam:8020 Metric  00000018:1">
			</child>
			<child node="PrinterMini.iam:8020 Metric  00000019:1">
			</child>
			<child node="PrinterMini.iam:8020 Metric  00000020:1">
			</child>
			<child node="PrinterMini.iam:8020 Metric  00000021:1">
			</child>
			<child node="PrinterMini.iam:8020 Metric  00000022:1">
			</child>
			<child node="PrinterMini.iam:8020 Metric  00000023:1">
			</child>
			<child node="PrinterMini.iam:8020 Metric  00000024:1">
			</child>
		</group>
		<group original_world_transform="0.999795595199 0.00495543788069 0.0196013125983 -0.00520932583231 0.999902927149 0.0129228171647 -0.0195353716253 -0.0130222853029 0.999724356681 -30.7018290729 -14.7836816225 -0.986879583786" transformation="1.0 -1.24683249836e-18 0.0 5.42101086243e-19 1.0 1.73472347598e-18 0.0 -3.46944695195e-18 1.0 1.0 1.0 -4.4408920985e-16" name="PrinterMini.iam:8020 Metric  00000015:1">
			<child node="PrinterMini.iam:8020 Metric  00000015:1_BODY">
			</child>
		</group>
		<lod_group priority="3" levels="3" src_id="1" name="PrinterMini.iam:8020 Metric  00000015:1_BODY" transformation="0.999795595199 -0.00520932583231 -0.0195353716253 0.00495543788069 0.999902927149 -0.0130222853029 0.0196013125983 0.0129228171647 0.999724356681 30.7881572228 14.6350639615 0.194318596591" original_world_transform="1.0 -3.25260651746e-19 6.93889390391e-18 -1.24683249836e-18 1.0 1.73472347598e-18 0.0 1.73472347598e-18 1.0 0.0 -5.3290705182e-15 -1.11022302463e-16">
		</lod_group>
		<group original_world_transform="-0.999795595199 -0.00495543788069 -0.0196013125983 -0.00520932583231 0.999902927149 0.0129228171647 0.0195353716253 0.0130222853029 -0.999724356681 6.31363496339 -15.2464892482 49.744188129" transformation="-1.0 1.24683249836e-18 0.0 5.42101086243e-19 1.0 1.73472347598e-18 0.0 3.46944695195e-18 -1.0 39.0 1.0 50.0" name="PrinterMini.iam:8020 Metric  00000016:1">
			<child node="PrinterMini.iam:8020 Metric  00000016:1_BODY">
			</child>
		</group>
		<lod_group priority="3" levels="3" src_id="2" name="PrinterMini.iam:8020 Metric  00000016:1_BODY" transformation="-0.999795595199 -0.00520932583231 0.0195353716253 -0.00495543788069 0.999902927149 0.0130222853029 -0.0196013125983 0.0129228171647 -0.999724356681 7.21184277719 14.6350639615 49.8056814034" original_world_transform="1.0 -3.25260651746e-19 6.93889390391e-18 -1.24683249836e-18 1.0 1.73472347598e-18 0.0 1.73472347598e-18 1.0 -2.6645352591e-15 -5.3290705182e-15 1.42108547152e-14">
		</lod_group>
		<group original_world_transform="-0.999795595199 -0.00495543788069 -0.0196013125983 -0.00520932583231 0.999902927149 0.0129228171647 0.0195353716253 0.0130222853029 -0.999724356681 6.16777384008 12.750792712 50.1060270096" transformation="-1.0 1.24683249836e-18 0.0 5.42101086243e-19 1.0 1.73472347598e-18 0.0 3.46944695195e-18 -1.0 39.0 29.0 50.0" name="PrinterMini.iam:8020 Metric  00000017:1">
			<child node="PrinterMini.iam:8020 Metric  00000017:1_BODY">
			</child>
		</group>
		<lod_group priority="3" levels="3" src_id="3" name="PrinterMini.iam:8020 Metric  00000017:1_BODY" transformation="-0.999795595199 -0.00520932583231 0.0195353716253 -0.00495543788069 0.999902927149 0.0130222853029 -0.0196013125983 0.0129228171647 -0.999724356681 7.21184277719 -13.3649360385 49.8056814034" original_world_transform="1.0 -3.25260651746e-19 6.93889390391e-18 -1.24683249836e-18 1.0 1.73472347598e-18 0.0 1.73472347598e-18 1.0 0.0 5.3290705182e-15 -7.1054273576e-15">
		</lod_group>
		<group original_world_transform="0.999795595199 0.00495543788069 0.0196013125983 -0.00520932583231 0.999902927149 0.0129228171647 -0.0195353716253 -0.0130222853029 0.999724356681 -30.8476901962 13.2136003376 -0.625040703174" transformation="1.0 -1.24683249836e-18 0.0 5.42101086243e-19 1.0 1.73472347598e-18 0.0 -3.46944695195e-18 1.0 1.0 29.0 -1.11022302463e-16" name="PrinterMini.iam:8020 Metric  00000018:1">
			<child node="PrinterMini.iam:8020 Metric  00000018:1_BODY">
			</child>
		</group>
		<lod_group priority="3" levels="3" src_id="4" name="PrinterMini.iam:8020 Metric  00000018:1_BODY" transformation="0.999795595199 -0.00520932583231 -0.0195353716253 0.00495543788069 0.999902927149 -0.0130222853029 0.0196013125983 0.0129228171647 0.999724356681 30.7881572228 -13.3649360385 0.194318596591" original_world_transform="1.0 -3.25260651746e-19 6.93889390391e-18 -1.24683249836e-18 1.0 1.73472347598e-18 0.0 1.73472347598e-18 1.0 0.0 5.3290705182e-15 3.33066907388e-16">
		</lod_group>
		<group original_world_transform="-0.0195353716253 -0.0130222853029 0.999724356681 -0.00520932583231 0.999902927149 0.0129228171647 -0.999795595199 -0.00495543788069 -0.0196013125983 7.33296593021 -15.228511525 48.7640650849" transformation="0.0 -3.46944695195e-18 1.0 5.42101086243e-19 1.0 1.73472347598e-18 -1.0 1.24683249836e-18 0.0 40.0 1.0 49.0" name="PrinterMini.iam:8020 Metric  00000019:1">
			<child node="PrinterMini.iam:8020 Metric  00000019:1_BODY">
			</child>
		</group>
		<lod_group priority="3" levels="3" src_id="5" name="PrinterMini.iam:8020 Metric  00000019:1_BODY" transformation="-0.0195353716253 -0.00520932583231 -0.999795595199 -0.0130222853029 0.999902927149 -0.00495543788069 0.999724356681 0.0129228171647 -0.0196013125983 -48.8056814034 14.6350639615 8.21184277719" original_world_transform="1.0 0.0 6.93889390391e-18 -8.67361737988e-19 1.0 8.67361737988e-19 0.0 2.62919026828e-18 1.0 -5.3290705182e-15 0.0 3.5527136788e-14">
		</lod_group>
		<group original_world_transform="0.0195353716253 0.0130222853029 -0.999724356681 -0.00520932583231 0.999902927149 0.0129228171647 0.999795595199 0.00495543788069 0.0196013125983 -32.8047190011 12.5705529199 48.3418514616" transformation="0.0 3.46944695195e-18 -1.0 5.42101086243e-19 1.0 1.73472347598e-18 1.0 -1.24683249836e-18 0.0 -3.5527136788e-15 29.0 49.0" name="PrinterMini.iam:8020 Metric  00000020:1">
			<child node="PrinterMini.iam:8020 Metric  00000020:1_BODY">
			</child>
		</group>
		<lod_group priority="3" levels="3" src_id="6" name="PrinterMini.iam:8020 Metric  00000020:1_BODY" transformation="0.0195353716253 -0.00520932583231 0.999795595199 0.0130222853029 0.999902927149 0.00495543788069 -0.999724356681 0.0129228171647 0.0196013125983 48.8056814034 -13.3649360385 31.7881572228" original_world_transform="1.0 0.0 6.93889390391e-18 -8.67361737988e-19 1.0 8.67361737988e-19 0.0 2.62919026828e-18 1.0 0.0 0.0 1.42108547152e-14">
		</lod_group>
		<group original_world_transform="-0.999795595199 -0.00495543788069 -0.0196013125983 0.0195353716253 0.0130222853029 -0.999724356681 0.00520932583231 -0.999902927149 -0.0129228171647 6.18209988588 13.7637179244 49.1192254701" transformation="-1.0 1.24683249836e-18 0.0 0.0 1.73472347598e-18 -1.0 -5.42101086243e-19 -1.0 0.0 39.0 30.0 49.0" name="PrinterMini.iam:8020 Metric  00000021:1">
			<child node="PrinterMini.iam:8020 Metric  00000021:1_BODY">
			</child>
		</group>
		<lod_group priority="3" levels="3" src_id="7" name="PrinterMini.iam:8020 Metric  00000021:1_BODY" transformation="-0.999795595199 0.0195353716253 0.00520932583231 -0.00495543788069 0.0130222853029 -0.999902927149 -0.0196013125983 -0.999724356681 -0.0129228171647 7.21184277719 48.8056814034 14.3649360385" original_world_transform="1.0 0.0 6.85757874097e-18 -1.73472347598e-18 1.0 1.73472347598e-18 -8.13151629364e-20 3.46944695195e-18 1.0 -2.6645352591e-15 0.0 1.42108547152e-14">
		</lod_group>
		<group original_world_transform="-0.999795595199 -0.00495543788069 -0.0196013125983 -0.0195353716253 -0.0130222853029 0.999724356681 -0.00520932583231 0.999902927149 0.0129228171647 -31.6538529567 -16.4216765295 47.9866910764" transformation="-1.0 1.24683249836e-18 0.0 0.0 -1.73472347598e-18 1.0 5.42101086243e-19 1.0 0.0 1.0 7.1054273576e-15 49.0" name="PrinterMini.iam:8020 Metric  00000022:1">
			<child node="PrinterMini.iam:8020 Metric  00000022:1_BODY">
			</child>
		</group>
		<lod_group priority="3" levels="3" src_id="8" name="PrinterMini.iam:8020 Metric  00000022:1_BODY" transformation="-0.999795595199 -0.0195353716253 -0.00520932583231 -0.00495543788069 -0.0130222853029 0.999902927149 -0.0196013125983 0.999724356681 0.0129228171647 -30.7881572228 -48.8056814034 15.6350639615" original_world_transform="1.0 0.0 6.85757874097e-18 -1.73472347598e-18 1.0 1.73472347598e-18 -8.13151629364e-20 3.46944695195e-18 1.0 0.0 -3.5527136788e-15 3.5527136788e-14">
		</lod_group>
		<group original_world_transform="-0.999795595199 -0.00495543788069 -0.0196013125983 -0.0195353716253 -0.0130222853029 0.999724356681 -0.00520932583231 0.999902927149 0.0129228171647 7.27607749886 -15.6083001955 0.744771834465" transformation="-1.0 1.24683249836e-18 0.0 0.0 -1.73472347598e-18 1.0 5.42101086243e-19 1.0 0.0 39.0 1.7763568394e-15 1.0" name="PrinterMini.iam:8020 Metric  00000023:1">
			<child node="PrinterMini.iam:8020 Metric  00000023:1_BODY">
			</child>
		</group>
		<lod_group priority="3" levels="3" src_id="9" name="PrinterMini.iam:8020 Metric  00000023:1_BODY" transformation="-0.999795595199 -0.0195353716253 -0.00520932583231 -0.00495543788069 -0.0130222853029 0.999902927149 -0.0196013125983 0.999724356681 0.0129228171647 7.21184277719 -0.805681403409 15.6350639615" original_world_transform="1.0 0.0 6.85757874097e-18 -1.73472347598e-18 1.0 1.73472347598e-18 -8.13151629364e-20 3.46944695195e-18 1.0 -2.6645352591e-15 0.0 0.0">
		</lod_group>
		<group original_world_transform="-0.999795595199 -0.00495543788069 -0.0196013125983 0.0195353716253 0.0130222853029 -0.999724356681 0.00520932583231 -0.999902927149 -0.0129228171647 -30.8724348937 14.2004809795 0.387606470672" transformation="-1.0 1.24683249836e-18 0.0 0.0 1.73472347598e-18 -1.0 -5.42101086243e-19 -1.0 0.0 1.0 30.0 1.0" name="PrinterMini.iam:8020 Metric  00000024:1">
			<child node="PrinterMini.iam:8020 Metric  00000024:1_BODY">
			</child>
		</group>
		<lod_group priority="3" levels="3" src_id="10" name="PrinterMini.iam:8020 Metric  00000024:1_BODY" transformation="-0.999795595199 0.0195353716253 0.00520932583231 -0.00495543788069 0.0130222853029 -0.999902927149 -0.0196013125983 -0.999724356681 -0.0129228171647 -30.7881572228 0.805681403409 14.3649360385" original_world_transform="1.0 0.0 6.85757874097e-18 -1.73472347598e-18 1.0 1.73472347598e-18 -8.13151629364e-20 3.46944695195e-18 1.0 1.06581410364e-14 5.3290705182e-15 6.66133814775e-16">
		</lod_group>
		<group transformation="1.0 3.60822483003e-16 -6.37627709e-16 -3.60822483003e-16 1.0 -2.00699918302e-16 6.37627709e-16 2.00699918302e-16 1.0 -44.1434703198 -38.3161611127 18.169218262" name="PrinterMini.iam:PistonFrameMini:1">
			<child node="PrinterMini.iam:DIN EN 10219-2 - 120 x 60 x 5  - 0.001:1">
			</child>
		</group>
		<group original_world_transform="1.0 3.60822483003e-16 -6.37627709e-16 -3.60822483003e-16 1.0 -2.00699918302e-16 6.37627709e-16 2.00699918302e-16 1.0 -40.148875454 -39.0605271819 8.86115756138" transformation="1.0 -1.99395906255e-32 0.0 -1.99395906255e-32 1.0 -2.46519032882e-32 0.0 2.46519032882e-32 1.0 3.99459486581 -0.744366069221 -9.30806070064" name="PrinterMini.iam:DIN EN 10219-2 - 120 x 60 x 5  - 0.001:1">
			<child node="PrinterMini.iam:DIN EN 10219-2 - 120 x 60 x 5  - 0.001:1_BODY">
			</child>
		</group>
		<lod_group priority="3" levels="3" src_id="11" name="PrinterMini.iam:DIN EN 10219-2 - 120 x 60 x 5  - 0.001:1_BODY" transformation="1.0 -3.60822483003e-16 6.37627709e-16 3.60822483003e-16 1.0 2.00699918302e-16 -6.37627709e-16 -2.00699918302e-16 1.0 40.148875454 39.0605271819 -8.86115756138" original_world_transform="1.0 -1.99395906255e-32 0.0 -1.99395906255e-32 1.0 0.0 0.0 0.0 1.0 0.0 0.0 0.0">
		</lod_group>
		<group transformation="1.0 -2.22044604925e-16 6.99879480201e-16 2.22044604925e-16 1.0 5.69187769457e-16 -6.99879480201e-16 -5.69187769457e-16 1.0 -35.2044163933 -24.3190171798 10.5505480616" name="PrinterMini.iam:PistonFrameMini:2">
			<child node="PrinterMini.iam:DIN EN 10219-2 - 120 x 60 x 5  - 0.001:1-4">
			</child>
		</group>
		<group original_world_transform="1.0 -2.22044604925e-16 6.99879480201e-16 2.22044604925e-16 1.0 5.69187769457e-16 -6.99879480201e-16 -5.69187769457e-16 1.0 -31.2098215275 -25.063383249 1.24248736094" transformation="1.0 3.93238761393e-33 0.0 3.93238761393e-33 1.0 0.0 0.0 0.0 1.0 3.99459486581 -0.744366069221 -9.30806070064" name="PrinterMini.iam:DIN EN 10219-2 - 120 x 60 x 5  - 0.001:1-4">
			<child node="PrinterMini.iam:DIN EN 10219-2 - 120 x 60 x 5  - 0.001:1_BODY-2">
			</child>
		</group>
		<lod_group priority="3" levels="3" src_id="11" name="PrinterMini.iam:DIN EN 10219-2 - 120 x 60 x 5  - 0.001:1_BODY-2" transformation="1.0 -3.60822483003e-16 6.37627709e-16 3.60822483003e-16 1.0 2.00699918302e-16 -6.37627709e-16 -2.00699918302e-16 1.0 40.148875454 39.0605271819 -8.86115756138" original_world_transform="1.0 -5.82867087928e-16 1.3375071892e-15 5.82867087928e-16 1.0 7.69887687759e-16 -1.3375071892e-15 -7.69887687759e-16 1.0 8.93905392657 13.997143933 -7.61867020044">
		</lod_group>
		<group transformation="1.0 -4.4408920985e-16 4.80066569666e-16 4.4408920985e-16 1.0 -4.79571539759e-16 -4.80066569666e-16 4.79571539759e-16 1.0 -42.1933171001 -24.145645076 29.5292261059" name="PrinterMini.iam:PistonWorkFrameMini:1">
			<child node="PrinterMini.iam:DIN EN 10219-2 - 120 x 120 x 4  - 100:1">
			</child>
		</group>
		<group original_world_transform="1.0 -4.4408920985e-16 4.80066569666e-16 4.4408920985e-16 1.0 -4.79571539759e-16 -4.80066569666e-16 4.79571539759e-16 1.0 -42.7488726474 -24.163451344 24.5292261059" transformation="1.0 -3.30110376962e-32 0.0 -3.30110376962e-32 1.0 0.0 0.0 0.0 1.0 -0.555555547277 -0.0178062679151 -5.0" name="PrinterMini.iam:DIN EN 10219-2 - 120 x 120 x 4  - 100:1">
			<child node="PrinterMini.iam:DIN EN 10219-2 - 120 x 120 x 4  - 100:1_BODY">
			</child>
		</group>
		<lod_group priority="3" levels="3" src_id="12" name="PrinterMini.iam:DIN EN 10219-2 - 120 x 120 x 4  - 100:1_BODY" transformation="1.0 4.4408920985e-16 -4.80066569666e-16 -4.4408920985e-16 1.0 4.79571539759e-16 4.80066569666e-16 -4.79571539759e-16 1.0 42.7488726474 24.163451344 -24.5292261059" original_world_transform="1.0 -3.30110376962e-32 0.0 -3.30110376962e-32 1.0 0.0 0.0 0.0 1.0 0.0 0.0 0.0">
		</lod_group>
		<group transformation="0.999795595199 0.00495543788068 0.0196013125983 -0.0195353716253 -0.0130222853029 0.999724356681 0.0052093258323 -0.999902927149 -0.0129228171647 -11.8554172365 -0.595987420069 3.80001298811" name="PrinterMini.iam:Nema17Stepper:1">
			<child node="PrinterMini.iam:NEMA 17 Stepper Motor Assembly:1">
			</child>
		</group>
		<group original_world_transform="0.999795595199 0.00495543788068 0.0196013125983 -0.0195353716253 -0.0130222853029 0.999724356681 0.0052093258323 -0.999902927149 -0.0129228171647 -11.8906348521 -0.538342923686 1.97050927964" transformation="1.0 3.46944695195e-18 6.50521303491e-19 -3.46944695195e-18 1.0 1.73472347598e-18 6.50521303491e-19 1.73472347598e-18 1.0 -0.0707854373481 -1.82906209187 -0.0341800187755" name="PrinterMini.iam:NEMA 17 Stepper Motor Assembly:1">
			<child node="PrinterMini.iam:NEMA 17 Stepper Motor Assembly:1_BODY">
			</child>
			<child node="PrinterMini.iam:NEMA 17 Stepper Motor Assembly:1_BODY-3">
			</child>
			<child node="PrinterMini.iam:NEMA 17 Stepper Motor Assembly:1_BODY-15">
			</child>
			<child node="PrinterMini.iam:NEMA 17 Stepper Motor Assembly:1_BODY-27">
			</child>
			<child node="PrinterMini.iam:NEMA 17 Stepper Motor Assembly:1_BODY-33">
			</child>
			<child node="PrinterMini.iam:NEMA 17 Stepper Motor Assembly:1_BODY-37">
			</child>
			<child node="PrinterMini.iam:NEMA 17 Stepper Motor Assembly:1_BODY-41">
			</child>
			<child node="PrinterMini.iam:NEMA 17 Stepper Motor Assembly:1_BODY-45">
			</child>
		</group>
		<group original_world_transform="1.0 0.0 2.41234983378e-18 0.0 1.0 0.0 5.86824425858e-18 3.46944695195e-18 1.0 3.5527136788e-15 0.0 4.4408920985e-16" transformation="0.999795595199 -0.0195353716253 0.0052093258323 0.00495543788068 -0.0130222853029 -0.999902927149 0.0196013125983 0.999724356681 -0.0129228171647 11.8522475058 -2.20926454776 -0.450883942764" name="PrinterMini.iam:NEMA 17 Stepper Motor Assembly:1_BODY">
			<child node="PrinterMini.iam:NEMA 17 Stepper Motor Assembly:1_BODY-1">
			</child>
			<child node="PrinterMini.iam:NEMA 17 Stepper Motor Assembly:1_BODY-2">
			</child>
		</group>
		<lod_group priority="3" levels="3" src_id="13" name="PrinterMini.iam:NEMA 17 Stepper Motor Assembly:1_BODY-1">
		</lod_group>
		<lod_group priority="3" levels="3" src_id="14" name="PrinterMini.iam:NEMA 17 Stepper Motor Assembly:1_BODY-2">
		</lod_group>
		<group original_world_transform="1.0 0.0 2.41234983378e-18 0.0 1.0 0.0 5.86824425858e-18 3.46944695195e-18 1.0 3.5527136788e-15 0.0 4.4408920985e-16" transformation="0.999795595199 -0.0195353716253 0.0052093258323 0.00495543788068 -0.0130222853029 -0.999902927149 0.0196013125983 0.999724356681 -0.0129228171647 11.8522475058 -2.20926454776 -0.450883942764" name="PrinterMini.iam:NEMA 17 Stepper Motor Assembly:1_BODY-3">
			<child node="PrinterMini.iam:NEMA 17 Stepper Motor Assembly:1_BODY-4">
			</child>
			<child node="PrinterMini.iam:NEMA 17 Stepper Motor Assembly:1_BODY-5">
			</child>
			<child node="PrinterMini.iam:NEMA 17 Stepper Motor Assembly:1_BODY-6">
			</child>
			<child node="PrinterMini.iam:NEMA 17 Stepper Motor Assembly:1_BODY-7">
			</child>
			<child node="PrinterMini.iam:NEMA 17 Stepper Motor Assembly:1_BODY-8">
			</child>
			<child node="PrinterMini.iam:NEMA 17 Stepper Motor Assembly:1_BODY-9">
			</child>
			<child node="PrinterMini.iam:NEMA 17 Stepper Motor Assembly:1_BODY-10">
			</child>
			<child node="PrinterMini.iam:NEMA 17 Stepper Motor Assembly:1_BODY-11">
			</child>
			<child node="PrinterMini.iam:NEMA 17 Stepper Motor Assembly:1_BODY-12">
			</child>
			<child node="PrinterMini.iam:NEMA 17 Stepper Motor Assembly:1_BODY-13">
			</child>
			<child node="PrinterMini.iam:NEMA 17 Stepper Motor Assembly:1_BODY-14">
			</child>
		</group>
		<lod_group priority="3" levels="3" src_id="15" name="PrinterMini.iam:NEMA 17 Stepper Motor Assembly:1_BODY-4">
		</lod_group>
		<lod_group priority="3" levels="3" src_id="16" name="PrinterMini.iam:NEMA 17 Stepper Motor Assembly:1_BODY-5">
		</lod_group>
		<lod_group priority="3" levels="3" src_id="17" name="PrinterMini.iam:NEMA 17 Stepper Motor Assembly:1_BODY-6">
		</lod_group>
		<lod_group priority="3" levels="3" src_id="18" name="PrinterMini.iam:NEMA 17 Stepper Motor Assembly:1_BODY-7">
		</lod_group>
		<lod_group priority="3" levels="3" src_id="19" name="PrinterMini.iam:NEMA 17 Stepper Motor Assembly:1_BODY-8">
		</lod_group>
		<lod_group priority="3" levels="3" src_id="20" name="PrinterMini.iam:NEMA 17 Stepper Motor Assembly:1_BODY-9">
		</lod_group>
		<lod_group priority="3" levels="3" src_id="21" name="PrinterMini.iam:NEMA 17 Stepper Motor Assembly:1_BODY-10">
		</lod_group>
		<lod_group priority="3" levels="3" src_id="22" name="PrinterMini.iam:NEMA 17 Stepper Motor Assembly:1_BODY-11">
		</lod_group>
		<lod_group priority="3" levels="3" src_id="23" name="PrinterMini.iam:NEMA 17 Stepper Motor Assembly:1_BODY-12">
		</lod_group>
		<lod_group priority="3" levels="3" src_id="24" name="PrinterMini.iam:NEMA 17 Stepper Motor Assembly:1_BODY-13">
		</lod_group>
		<lod_group priority="3" levels="3" src_id="25" name="PrinterMini.iam:NEMA 17 Stepper Motor Assembly:1_BODY-14">
		</lod_group>
		<group original_world_transform="1.0 0.0 2.41234983378e-18 0.0 1.0 0.0 5.86824425858e-18 3.46944695195e-18 1.0 3.5527136788e-15 0.0 4.4408920985e-16" transformation="0.999795595199 -0.0195353716253 0.0052093258323 0.00495543788068 -0.0130222853029 -0.999902927149 0.0196013125983 0.999724356681 -0.0129228171647 11.8522475058 -2.20926454776 -0.450883942764" name="PrinterMini.iam:NEMA 17 Stepper Motor Assembly:1_BODY-15">
			<child node="PrinterMini.iam:NEMA 17 Stepper Motor Assembly:1_BODY-16">
			</child>
			<child node="PrinterMini.iam:NEMA 17 Stepper Motor Assembly:1_BODY-17">
			</child>
			<child node="PrinterMini.iam:NEMA 17 Stepper Motor Assembly:1_BODY-18">
			</child>
			<child node="PrinterMini.iam:NEMA 17 Stepper Motor Assembly:1_BODY-19">
			</child>
			<child node="PrinterMini.iam:NEMA 17 Stepper Motor Assembly:1_BODY-20">
			</child>
			<child node="PrinterMini.iam:NEMA 17 Stepper Motor Assembly:1_BODY-21">
			</child>
			<child node="PrinterMini.iam:NEMA 17 Stepper Motor Assembly:1_BODY-22">
			</child>
			<child node="PrinterMini.iam:NEMA 17 Stepper Motor Assembly:1_BODY-23">
			</child>
			<child node="PrinterMini.iam:NEMA 17 Stepper Motor Assembly:1_BODY-24">
			</child>
			<child node="PrinterMini.iam:NEMA 17 Stepper Motor Assembly:1_BODY-25">
			</child>
			<child node="PrinterMini.iam:NEMA 17 Stepper Motor Assembly:1_BODY-26">
			</child>
		</group>
		<lod_group priority="3" levels="3" src_id="26" name="PrinterMini.iam:NEMA 17 Stepper Motor Assembly:1_BODY-16">
		</lod_group>
		<lod_group priority="3" levels="3" src_id="27" name="PrinterMini.iam:NEMA 17 Stepper Motor Assembly:1_BODY-17">
		</lod_group>
		<lod_group priority="3" levels="3" src_id="28" name="PrinterMini.iam:NEMA 17 Stepper Motor Assembly:1_BODY-18">
		</lod_group>
		<lod_group priority="3" levels="3" src_id="29" name="PrinterMini.iam:NEMA 17 Stepper Motor Assembly:1_BODY-19">
		</lod_group>
		<lod_group priority="3" levels="3" src_id="30" name="PrinterMini.iam:NEMA 17 Stepper Motor Assembly:1_BODY-20">
		</lod_group>
		<lod_group priority="3" levels="3" src_id="31" name="PrinterMini.iam:NEMA 17 Stepper Motor Assembly:1_BODY-21">
		</lod_group>
		<lod_group priority="3" levels="3" src_id="32" name="PrinterMini.iam:NEMA 17 Stepper Motor Assembly:1_BODY-22">
		</lod_group>
		<lod_group priority="3" levels="3" src_id="33" name="PrinterMini.iam:NEMA 17 Stepper Motor Assembly:1_BODY-23">
		</lod_group>
		<lod_group priority="3" levels="3" src_id="34" name="PrinterMini.iam:NEMA 17 Stepper Motor Assembly:1_BODY-24">
		</lod_group>
		<lod_group priority="3" levels="3" src_id="35" name="PrinterMini.iam:NEMA 17 Stepper Motor Assembly:1_BODY-25">
		</lod_group>
		<lod_group priority="3" levels="3" src_id="36" name="PrinterMini.iam:NEMA 17 Stepper Motor Assembly:1_BODY-26">
		</lod_group>
		<group original_world_transform="1.0 0.0 2.41234983378e-18 0.0 1.0 0.0 5.86824425858e-18 3.46944695195e-18 1.0 3.5527136788e-15 0.0 4.4408920985e-16" transformation="0.999795595199 -0.0195353716253 0.0052093258323 0.00495543788068 -0.0130222853029 -0.999902927149 0.0196013125983 0.999724356681 -0.0129228171647 11.8522475058 -2.20926454776 -0.450883942764" name="PrinterMini.iam:NEMA 17 Stepper Motor Assembly:1_BODY-27">
			<child node="PrinterMini.iam:NEMA 17 Stepper Motor Assembly:1_BODY-28">
			</child>
			<child node="PrinterMini.iam:NEMA 17 Stepper Motor Assembly:1_BODY-29">
			</child>
			<child node="PrinterMini.iam:NEMA 17 Stepper Motor Assembly:1_BODY-30">
			</child>
			<child node="PrinterMini.iam:NEMA 17 Stepper Motor Assembly:1_BODY-31">
			</child>
			<child node="PrinterMini.iam:NEMA 17 Stepper Motor Assembly:1_BODY-32">
			</child>
		</group>
		<lod_group priority="3" levels="3" src_id="37" name="PrinterMini.iam:NEMA 17 Stepper Motor Assembly:1_BODY-28">
		</lod_group>
		<lod_group priority="3" levels="3" src_id="38" name="PrinterMini.iam:NEMA 17 Stepper Motor Assembly:1_BODY-29">
		</lod_group>
		<lod_group priority="3" levels="3" src_id="39" name="PrinterMini.iam:NEMA 17 Stepper Motor Assembly:1_BODY-30">
		</lod_group>
		<lod_group priority="3" levels="3" src_id="40" name="PrinterMini.iam:NEMA 17 Stepper Motor Assembly:1_BODY-31">
		</lod_group>
		<lod_group priority="3" levels="3" src_id="41" name="PrinterMini.iam:NEMA 17 Stepper Motor Assembly:1_BODY-32">
		</lod_group>
		<group original_world_transform="1.0 0.0 2.41234983378e-18 0.0 1.0 0.0 5.86824425858e-18 3.46944695195e-18 1.0 3.5527136788e-15 0.0 4.4408920985e-16" transformation="0.999795595199 -0.0195353716253 0.0052093258323 0.00495543788068 -0.0130222853029 -0.999902927149 0.0196013125983 0.999724356681 -0.0129228171647 11.8522475058 -2.20926454776 -0.450883942764" name="PrinterMini.iam:NEMA 17 Stepper Motor Assembly:1_BODY-33">
			<child node="PrinterMini.iam:NEMA 17 Stepper Motor Assembly:1_BODY-34">
			</child>
			<child node="PrinterMini.iam:NEMA 17 Stepper Motor Assembly:1_BODY-35">
			</child>
			<child node="PrinterMini.iam:NEMA 17 Stepper Motor Assembly:1_BODY-36">
			</child>
		</group>
		<lod_group priority="3" levels="3" src_id="42" name="PrinterMini.iam:NEMA 17 Stepper Motor Assembly:1_BODY-34">
		</lod_group>
		<lod_group priority="3" levels="3" src_id="43" name="PrinterMini.iam:NEMA 17 Stepper Motor Assembly:1_BODY-35">
		</lod_group>
		<lod_group priority="3" levels="3" src_id="44" name="PrinterMini.iam:NEMA 17 Stepper Motor Assembly:1_BODY-36">
		</lod_group>
		<group original_world_transform="1.0 0.0 2.41234983378e-18 0.0 1.0 0.0 5.86824425858e-18 3.46944695195e-18 1.0 3.5527136788e-15 0.0 4.4408920985e-16" transformation="0.999795595199 -0.0195353716253 0.0052093258323 0.00495543788068 -0.0130222853029 -0.999902927149 0.0196013125983 0.999724356681 -0.0129228171647 11.8522475058 -2.20926454776 -0.450883942764" name="PrinterMini.iam:NEMA 17 Stepper Motor Assembly:1_BODY-37">
			<child node="PrinterMini.iam:NEMA 17 Stepper Motor Assembly:1_BODY-38">
			</child>
			<child node="PrinterMini.iam:NEMA 17 Stepper Motor Assembly:1_BODY-39">
			</child>
			<child node="PrinterMini.iam:NEMA 17 Stepper Motor Assembly:1_BODY-40">
			</child>
		</group>
		<lod_group priority="3" levels="3" src_id="45" name="PrinterMini.iam:NEMA 17 Stepper Motor Assembly:1_BODY-38">
		</lod_group>
		<lod_group priority="3" levels="3" src_id="46" name="PrinterMini.iam:NEMA 17 Stepper Motor Assembly:1_BODY-39">
		</lod_group>
		<lod_group priority="3" levels="3" src_id="47" name="PrinterMini.iam:NEMA 17 Stepper Motor Assembly:1_BODY-40">
		</lod_group>
		<group original_world_transform="1.0 0.0 2.41234983378e-18 0.0 1.0 0.0 5.86824425858e-18 3.46944695195e-18 1.0 3.5527136788e-15 0.0 4.4408920985e-16" transformation="0.999795595199 -0.0195353716253 0.0052093258323 0.00495543788068 -0.0130222853029 -0.999902927149 0.0196013125983 0.999724356681 -0.0129228171647 11.8522475058 -2.20926454776 -0.450883942764" name="PrinterMini.iam:NEMA 17 Stepper Motor Assembly:1_BODY-41">
			<child node="PrinterMini.iam:NEMA 17 Stepper Motor Assembly:1_BODY-42">
			</child>
			<child node="PrinterMini.iam:NEMA 17 Stepper Motor Assembly:1_BODY-43">
			</child>
			<child node="PrinterMini.iam:NEMA 17 Stepper Motor Assembly:1_BODY-44">
			</child>
		</group>
		<lod_group priority="3" levels="3" src_id="48" name="PrinterMini.iam:NEMA 17 Stepper Motor Assembly:1_BODY-42">
		</lod_group>
		<lod_group priority="3" levels="3" src_id="49" name="PrinterMini.iam:NEMA 17 Stepper Motor Assembly:1_BODY-43">
		</lod_group>
		<lod_group priority="3" levels="3" src_id="50" name="PrinterMini.iam:NEMA 17 Stepper Motor Assembly:1_BODY-44">
		</lod_group>
		<group original_world_transform="1.0 0.0 2.41234983378e-18 0.0 1.0 0.0 5.86824425858e-18 3.46944695195e-18 1.0 3.5527136788e-15 0.0 4.4408920985e-16" transformation="0.999795595199 -0.0195353716253 0.0052093258323 0.00495543788068 -0.0130222853029 -0.999902927149 0.0196013125983 0.999724356681 -0.0129228171647 11.8522475058 -2.20926454776 -0.450883942764" name="PrinterMini.iam:NEMA 17 Stepper Motor Assembly:1_BODY-45">
			<child node="PrinterMini.iam:NEMA 17 Stepper Motor Assembly:1_BODY-46">
			</child>
			<child node="PrinterMini.iam:NEMA 17 Stepper Motor Assembly:1_BODY-47">
			</child>
			<child node="PrinterMini.iam:NEMA 17 Stepper Motor Assembly:1_BODY-48">
			</child>
		</group>
		<lod_group priority="3" levels="3" src_id="51" name="PrinterMini.iam:NEMA 17 Stepper Motor Assembly:1_BODY-46">
		</lod_group>
		<lod_group priority="3" levels="3" src_id="52" name="PrinterMini.iam:NEMA 17 Stepper Motor Assembly:1_BODY-47">
		</lod_group>
		<lod_group priority="3" levels="3" src_id="53" name="PrinterMini.iam:NEMA 17 Stepper Motor Assembly:1_BODY-48">
		</lod_group>
		<group transformation="-8.55524801329e-16 1.0 -6.41755809893e-17 -1.0 -8.55524801329e-16 -6.08145703743e-16 -6.08145703743e-16 6.41755809893e-17 1.0 -12.9025118086 -50.4997044594 5.31985433129" name="PrinterMini.iam:LinearActuatorMini:1">
			<child node="PrinterMini.iam:BallScrew120mm:1">
			</child>
		</group>
		<group original_world_transform="-8.55524801329e-16 1.0 -6.41755809893e-17 -1.0 -8.55524801329e-16 -6.08145703743e-16 -6.08145703743e-16 6.41755809893e-17 1.0 -12.599805254 -50.7774822331 -0.680145668708" transformation="1.0 3.90281038639e-32 -1.23259516441e-32 3.90281038639e-32 1.0 9.86076131526e-32 1.23259516441e-32 -9.86076131526e-32 1.0 -0.277777773639 -0.302706554557 -6.0" name="PrinterMini.iam:BallScrew120mm:1">
			<child node="PrinterMini.iam:BallScrew120mm:1_BODY">
			</child>
		</group>
		<lod_group priority="3" levels="3" src_id="54" name="PrinterMini.iam:BallScrew120mm:1_BODY" transformation="-8.55524801329e-16 -1.0 -6.08145703743e-16 1.0 -8.55524801329e-16 6.41755809893e-17 -6.41755809893e-17 -6.08145703743e-16 1.0 50.7774822331 -12.599805254 0.680145668708" original_world_transform="1.0 -3.90281038639e-32 0.0 -3.90281038639e-32 1.0 0.0 0.0 0.0 1.0 0.0 0.0 0.0">
		</lod_group>
		<group transformation="-1.89390986554e-16 1.0 1.76150784533e-17 -1.0 -1.89390986554e-16 1.73037170879e-15 1.73037170879e-15 -1.76150784533e-17 1.0 -19.3843352499 -60.2416604242 12.1794022189" name="PrinterMini.iam:LinearActuatorMini:2">
			<child node="PrinterMini.iam:BallScrew120mm:1-2">
			</child>
		</group>
		<group original_world_transform="-1.89390986554e-16 1.0 1.76150784533e-17 -1.0 -1.89390986554e-16 1.73037170879e-15 1.73037170879e-15 -1.76150784533e-17 1.0 -19.0816286953 -60.5194381978 6.17940221889" transformation="1.0 5.8287301155e-33 -1.23259516441e-32 5.8287301155e-33 1.0 1.97215226305e-31 1.23259516441e-32 -1.97215226305e-31 1.0 -0.277777773639 -0.302706554557 -6.0" name="PrinterMini.iam:BallScrew120mm:1-2">
			<child node="PrinterMini.iam:BallScrew120mm:1_BODY-2">
			</child>
		</group>
		<lod_group priority="3" levels="3" src_id="54" name="PrinterMini.iam:BallScrew120mm:1_BODY-2" transformation="-8.55524801329e-16 -1.0 -6.08145703743e-16 1.0 -8.55524801329e-16 6.41755809893e-17 -6.41755809893e-17 -6.08145703743e-16 1.0 50.7774822331 -12.599805254 0.680145668708" original_world_transform="1.0 -6.66133814775e-16 -2.33851741253e-15 6.66133814775e-16 1.0 8.17906594426e-17 2.33851741253e-15 -8.17906594426e-17 1.0 -6.48182344131 -9.74195596476 6.8595478876">
		</lod_group>
		<group transformation="-0.999809157995 0.000124642597656 -0.0195354051282 0.000129787378331 -0.999915198679 -0.0130222350433 -0.0195353716253 -0.0130222853029 0.999724356681 -12.4206011503 -0.986625039383 10.483081823" name="PrinterMini.iam:LinearActuatorMini:3">
			<child node="PrinterMini.iam:BallScrew120mm:1-4">
			</child>
		</group>
		<group original_world_transform="-0.999809157995 0.000124642597656 -0.0195354051282 0.000129787378331 -0.999915198679 -0.0130222350433 -0.0195353716253 -0.0130222853029 0.999724356681 -12.0257034461 -0.605845065867 4.49410410021" transformation="1.0 -5.42101086243e-20 -3.46944695195e-18 5.42101086243e-20 1.0 -1.73472347598e-18 3.46944695195e-18 3.46944695195e-18 1.0 -0.277777773639 -0.302706554557 -6.0" name="PrinterMini.iam:BallScrew120mm:1-4">
			<child node="PrinterMini.iam:BallScrew120mm:1_BODY-4">
			</child>
		</group>
		<lod_group priority="3" levels="3" src_id="54" name="PrinterMini.iam:BallScrew120mm:1_BODY-4" transformation="-8.55543934308e-16 -1.0 -6.05418493116e-16 1.0 -8.55381303982e-16 5.89805981832e-17 -5.89805981832e-17 -6.07153216592e-16 1.0 50.7774822331 -12.599805254 0.680145668708" original_world_transform="-0.000129787378331 0.999915198679 0.0130222350433 -0.999809157995 0.000124642597657 -0.0195354051282 -0.0195353716253 -0.0130222853029 0.999724356681 -62.8084173967 11.9903636944 4.34618123001">
		</lod_group>
		<group transformation="-3.33066907388e-16 1.0 -6.41755809893e-17 -1.0 -3.33066907388e-16 -6.08145703743e-16 -6.08145703743e-16 6.41755809893e-17 1.0 -18.6942052278 -43.3185478202 20.2670448626" name="PrinterMini.iam:PistonFeederHeadMini:3">
			<child node="PrinterMini.iam:PistonFeederHeadMini:1">
			</child>
			<child node="PrinterMini.iam:PistonFeederHeadInnerMini:1">
			</child>
			<child node="PrinterMini.iam:PistonFeederHeadMini:2">
			</child>
		</group>
		<group original_world_transform="1.01218705125e-15 -1.0 6.41755809893e-17 -1.0 -1.01218705125e-15 -6.08145703743e-16 6.08145703743e-16 -6.41755809893e-17 -1.0 -10.099805254 -45.2774822331 12.5198543313" transformation="-1.0 -6.79120143865e-16 1.23259516441e-32 -6.79120143865e-16 1.0 0.0 -1.23259516441e-32 9.86076131526e-32 -1.0 -1.95893441285 -8.5943999738 -7.74719053127" name="PrinterMini.iam:PistonFeederHeadMini:1">
			<child node="PrinterMini.iam:PistonFeederHeadMini:1_BODY">
			</child>
		</group>
		<group original_world_transform="1.0 -3.90281038639e-32 0.0 -3.90281038639e-32 1.0 0.0 0.0 0.0 1.0 0.0 0.0 0.0" transformation="1.01218705125e-15 -1.0 6.08145703743e-16 -1.0 -1.01218705125e-15 -6.41755809893e-17 6.41755809893e-17 -6.08145703743e-16 -1.0 -45.2774822331 -10.099805254 12.5198543313" name="PrinterMini.iam:PistonFeederHeadMini:1_BODY">
			<child node="PrinterMini.iam:PistonFeederHeadMini:1_BODY-1">
			</child>
			<child node="PrinterMini.iam:PistonFeederHeadMini:1_BODY-2">
			</child>
		</group>
		<lod_group priority="3" levels="3" src_id="55" name="PrinterMini.iam:PistonFeederHeadMini:1_BODY-1">
		</lod_group>
		<lod_group priority="3" levels="3" src_id="56" name="PrinterMini.iam:PistonFeederHeadMini:1_BODY-2">
		</lod_group>
		<group original_world_transform="-4.46935935554e-16 1.0 -6.41755809893e-17 -1.0 -4.46935935554e-16 -6.08145703743e-16 -6.08145703743e-16 6.41755809893e-17 1.0 -10.999805254 -55.4774822331 11.7198543313" transformation="1.0 1.13869028167e-16 -1.23259516441e-32 -1.13869028167e-16 1.0 9.86076131526e-32 1.23259516441e-32 -9.86076131526e-32 1.0 -12.1589344128 -7.6943999738 -8.54719053127" name="PrinterMini.iam:PistonFeederHeadInnerMini:1">
			<child node="PrinterMini.iam:PistonFeederHeadInnerMini:1_BODY">
			</child>
		</group>
		<lod_group priority="3" levels="3" src_id="57" name="PrinterMini.iam:PistonFeederHeadInnerMini:1_BODY" transformation="-4.46935935554e-16 -1.0 -6.08145703743e-16 1.0 -4.46935935554e-16 6.41755809893e-17 -6.41755809893e-17 -6.08145703743e-16 1.0 55.4774822331 -10.999805254 -11.7198543313" original_world_transform="1.0 -3.90281038639e-32 0.0 -3.90281038639e-32 1.0 0.0 0.0 0.0 1.0 0.0 0.0 0.0">
		</lod_group>
		<group original_world_transform="-3.33066907388e-16 1.0 -6.41755809893e-17 -1.0 -3.33066907388e-16 -6.08145703743e-16 -6.08145703743e-16 6.41755809893e-17 1.0 -10.099805254 -56.2774822331 11.3198543313" transformation="1.0 3.90281038639e-32 -1.23259516441e-32 -5.95795092887e-32 1.0 9.86076131526e-32 1.23259516441e-32 -9.86076131526e-32 1.0 -12.9589344128 -8.5943999738 -8.94719053127" name="PrinterMini.iam:PistonFeederHeadMini:2">
			<child node="PrinterMini.iam:PistonFeederHeadMini:1_BODY-3">
			</child>
		</group>
		<group original_world_transform="1.0 1.34525395864e-15 1.21629140749e-15 1.34525395864e-15 -1.0 8.13512808509e-31 1.21629140749e-15 8.01186856865e-31 -1.0 5.15143483426e-14 -101.554964466 23.8397086626" transformation="1.01218705125e-15 -1.0 6.08145703743e-16 -1.0 -1.01218705125e-15 -6.41755809893e-17 6.41755809893e-17 -6.08145703743e-16 -1.0 -45.2774822331 -10.099805254 12.5198543313" name="PrinterMini.iam:PistonFeederHeadMini:1_BODY-3">
			<child node="PrinterMini.iam:PistonFeederHeadMini:1_BODY-4">
			</child>
			<child node="PrinterMini.iam:PistonFeederHeadMini:1_BODY-5">
			</child>
		</group>
		<lod_group priority="3" levels="3" src_id="55" original_world_transform="1.0 1.34525395864e-15 1.21629140749e-15 1.34525395864e-15 -1.0 8.13512808509e-31 1.21629140749e-15 8.01186856865e-31 -1.0 5.15143483426e-14 -101.554964466 23.8397086626" name="PrinterMini.iam:PistonFeederHeadMini:1_BODY-4">
		</lod_group>
		<lod_group priority="3" levels="3" src_id="56" original_world_transform="1.0 1.34525395864e-15 1.21629140749e-15 1.34525395864e-15 -1.0 8.13512808509e-31 1.21629140749e-15 8.01186856865e-31 -1.0 5.15143483426e-14 -101.554964466 23.8397086626" name="PrinterMini.iam:PistonFeederHeadMini:1_BODY-5">
		</lod_group>
		<group transformation="3.33066907388e-16 1.0 1.76150784533e-17 -1.0 3.33066907388e-16 1.73037170879e-15 1.73037170879e-15 -1.76150784533e-17 1.0 -25.1760286691 -53.060503785 27.1265927502" name="PrinterMini.iam:PistonFeederHeadMini:4">
			<child node="PrinterMini.iam:PistonFeederHeadMini:1-3">
			</child>
			<child node="PrinterMini.iam:PistonFeederHeadInnerMini:1-2">
			</child>
			<child node="PrinterMini.iam:PistonFeederHeadMini:2-1">
			</child>
		</group>
